5000 2
338.52389 18.29304
246.91389 131.94025
990.81344 713.77154
10.49621 624.54990
887.15099 114.82892
441.01354 902.22599
285.37469 445.51222
523.29641 988.39824
8.18892 551.32228
464.53507 672.39825
849.66110 645.43379
377.72533 821.89267
228.30124 175.09526
82.79111 229.48535
353.50388 612.37044
680.50529 741.12018
811.65396 128.61106
940.82178 518.10721
891.53950 994.63201
867.28600 129.82270
19.70628 650.23782
455.38827 49.75193
657.45293 449.33972
329.51113 443.79214
276.86802 176.11849
112.28103 138.18068
136.48081 58.06250
250.23422 89.03460
615.59109 337.22110
469.78824 596.52220
40.22918 924.06306
74.91874 332.07464
919.71850 894.16036
393.56618 215.25093
370.78778 303.74677
368.85993 409.72631
76.88651 32.82987
188.24602 527.20729
374.46870 356.42479
546.54374 351.52925
979.26860 790.58022
266.74233 154.23583
298.30910 746.72270
526.03779 348.65651
386.64638 749.31586
579.88882 880.74447
830.69519 128.45087
869.85574 543.58650
234.12992 186.60039
164.58747 23.45964
326.55498 355.13252
849.14206 126.35675
384.20640 489.00703
197.19204 179.22763
417.64023 634.48316
344.76769 346.31314
412.40959 192.45083
270.71822 502.80213
213.11546 531.69779
981.54815 970.77853
598.11218 9.06328
268.06491 203.44893
425.61636 837.02569
16.85428 78.76742
838.26363 223.18192
944.92861 827.33972
927.02043 845.24025
840.02854 330.92923
314.96822 354.55787
150.75182 125.46853
381.99095 783.50855
666.89466 395.00422
96.90205 144.29700
717.24101 941.95083
192.13053 206.31310
825.18434 143.72762
235.24531 227.01301
295.06865 557.43486
949.25284 490.13889
410.25900 39.61542
895.87319 470.62719
307.99606 614.26084
857.08528 449.26703
541.14339 631.76491
972.97973 93.27147
508.60098 628.77157
44.49564 118.27130
779.82063 781.32597
823.11226 160.99623
850.33307 169.05773
271.79490 262.72863
968.05687 740.15083
890.05761 742.35678
845.60946 192.51687
430.62261 867.38975
919.19313 867.81816
21.14490 700.97775
140.75505 608.06923
363.06794 386.62954
411.67953 10.97997
144.31327 260.65736
348.69493 115.47199
320.93719 173.60495
190.42021 255.63667
276.77921 55.71810
317.82208 362.45949
387.63435 484.70568
104.42406 57.77005
8.92257 919.30191
616.48344 38.12405
153.59702 737.99592
686.41858 436.35430
122.88811 637.77691
836.06768 786.98526
13.84538 841.10509
431.50639 564.41944
39.69953 93.20666
98.19407 976.50505
632.89419 827.06465
43.03924 470.09234
567.08432 399.55731
294.12512 242.25118
152.00525 461.44603
139.35536 140.76173
428.50528 842.79244
62.89686 589.09199
85.84339 941.79393
620.77100 601.45367
777.98543 86.86147
751.16946 675.17889
889.51316 138.55679
581.88543 304.75722
569.33498 554.65155
857.73566 199.50554
840.93594 561.36982
915.00998 285.01426
4.80677 648.03451
117.21366 199.10444
101.82155 215.17262
579.96750 867.38145
786.55649 467.36756
399.13993 470.15210
815.55469 196.28878
163.87834 601.09501
119.45535 614.86873
129.53567 697.20540
580.62508 808.77046
897.83787 141.44181
376.36793 438.29602
194.14068 188.64034
337.33443 301.00037
145.17162 132.07132
404.85100 528.98202
417.72439 890.74555
309.36588 435.47874
849.10796 94.77224
83.41634 356.79368
139.81429 655.58326
779.46353 14.38300
965.98288 996.39549
996.40763 886.85643
889.52334 144.47468
495.63763 478.50738
485.12311 719.63513
660.33951 645.01079
68.44463 604.56459
497.26730 555.52763
304.66460 397.87054
529.34783 608.26942
265.73442 366.79500
478.05772 10.55992
157.94613 869.97430
84.38235 99.94865
439.24729 701.01973
191.43206 419.93462
784.55934 54.36900
958.71365 980.81213
956.06057 87.96333
155.02441 52.17473
65.48976 311.23060
86.04667 582.72787
72.48109 151.16655
167.28462 2.48256
353.97286 362.25929
476.89924 273.23060
326.15743 354.21182
165.85051 483.27982
655.43567 612.25189
452.15625 288.65602
471.47678 780.15047
885.25787 163.17783
428.21324 111.72075
236.96878 89.64217
858.18255 105.45964
896.52378 189.31005
966.84282 710.69432
509.54045 356.07564
463.12686 734.17370
533.12784 383.64483
36.66279 519.66018
375.70722 272.85763
895.01697 102.90584
447.63529 847.86292
309.32908 304.68782
969.22167 957.68497
324.29944 282.77024
365.61728 317.72564
114.39833 674.08415
660.39671 578.15186
737.35553 772.31249
125.21643 670.13473
884.57673 137.48096
871.28942 890.42004
353.77846 153.34222
69.38803 608.99765
83.11798 103.83719
259.12964 6.74326
115.29140 244.63000
98.14926 389.18181
377.26941 10.24772
111.71421 133.78624
682.84430 554.19218
891.51074 444.27356
822.26202 649.05249
93.58793 835.13345
217.76755 585.32414
327.81407 920.73144
229.88672 424.42541
804.64745 336.40814
907.12545 415.60321
885.80572 960.76183
946.91887 798.98669
480.06442 572.83753
267.80477 299.67103
50.09994 920.08008
536.85696 721.76025
538.00668 661.71601
360.53647 272.66183
559.96575 823.25473
110.03594 646.84989
427.72399 521.91582
271.81616 210.46258
583.46286 379.74946
506.25064 146.30403
61.08796 253.82674
337.90005 4.23638
21.62656 225.45305
64.93698 25.84949
226.01560 61.50155
166.27498 318.24717
727.01878 899.65644
822.81641 194.05474
287.87213 909.15530
25.19113 791.96129
77.01105 971.38641
158.47011 642.54254
778.08960 167.44432
994.24131 754.38885
412.82064 8.51674
120.20045 606.35683
167.15915 491.03224
206.99548 332.84403
430.91754 975.47938
469.51155 911.64566
893.82510 797.00976
816.95242 12.44248
310.46400 464.81931
294.88439 437.13853
450.54674 476.42933
117.70192 32.25951
793.95290 323.48838
162.49456 607.43884
114.37368 236.19362
745.00462 883.45470
235.42445 327.46714
373.58954 517.69950
186.48928 109.73538
880.85147 443.93660
897.29106 738.50339
400.94175 575.80733
339.03759 249.24345
541.09259 359.05282
76.01464 12.84443
797.47711 768.34772
207.93727 212.93095
827.37771 188.94537
109.79962 130.61937
97.14193 732.65745
868.91368 186.22714
322.45023 377.44962
976.36111 785.23211
36.33353 262.02707
914.60941 220.05857
90.24825 318.55341
891.70115 418.18812
7.76103 81.57057
228.73934 422.13305
314.36327 409.95534
541.21570 830.27492
817.53436 79.69511
120.02583 615.77599
310.81331 211.74352
350.80515 243.45533
909.74832 712.01959
144.63995 301.45445
523.85794 886.48143
402.18449 714.79999
686.58939 797.47304
471.09901 919.78488
621.47850 655.72178
332.01627 205.85469
454.63056 476.92614
125.90174 576.41742
534.16065 950.06564
124.02514 679.09123
279.27691 205.44578
442.32732 344.46012
25.52883 302.03433
323.63244 160.48263
666.77692 178.41239
615.22141 705.88778
247.93131 233.95367
151.96393 436.43061
672.67791 603.14761
120.16370 630.39636
74.40923 386.66939
971.25500 57.29799
962.85434 380.16267
554.70661 239.34043
381.02154 342.16730
372.67676 375.85195
807.50069 156.91517
190.03165 319.57960
638.01264 469.64040
877.10224 154.80523
337.93633 307.77857
299.49649 176.93186
311.21546 134.16276
688.52546 364.15506
968.83732 604.61391
166.05381 229.11522
238.05659 446.61330
548.59821 329.90390
858.47787 591.74062
973.67101 813.73924
665.58558 329.11410
161.92103 650.63604
571.00021 623.09855
554.71203 702.44751
344.76305 66.09423
595.84702 643.13277
437.61397 798.41792
954.56941 858.04835
136.35584 685.42496
290.69557 276.34290
746.80294 887.65282
882.80160 352.48677
153.78677 163.92079
131.20956 158.79074
552.72682 861.08417
334.18066 282.95143
293.72732 649.84390
917.14555 72.95680
138.31498 651.67672
248.29159 190.91884
216.46945 438.38655
503.38375 538.76546
927.67396 383.19542
308.04837 309.39429
270.05075 106.66677
145.17125 449.74273
417.95132 274.75297
236.78243 120.13099
24.87310 518.27158
810.99512 676.09089
18.76804 83.89486
551.56320 654.66481
260.94914 756.21417
591.92728 141.99761
91.48422 157.92774
271.19261 291.15151
12.10207 81.25648
378.28635 253.68806
388.69145 71.10337
502.46774 743.60066
854.84501 314.67757
103.63631 234.49331
119.33228 10.02594
538.03927 59.77147
200.92420 899.50304
18.31691 321.48814
560.01139 807.93241
741.66923 142.84260
48.95667 363.75132
124.62924 812.56900
771.86569 879.88015
633.72435 331.11214
572.61325 730.22472
300.40395 65.67386
950.16932 710.49484
958.25750 357.72982
844.92243 145.13099
124.15919 138.79081
352.51054 949.72581
607.94611 26.08331
368.59130 137.75259
13.68891 253.01468
479.20916 823.56529
857.95279 33.90413
152.82895 619.44373
100.10864 625.13623
618.29439 673.03065
35.70158 216.14904
899.48574 699.90141
946.62602 948.52675
904.51820 312.68504
325.48394 218.65269
422.26555 868.32728
259.37216 309.74089
312.66325 209.92511
555.49375 83.44415
747.80026 523.48934
541.55448 25.28433
927.89998 442.73490
192.77485 177.62411
286.46990 371.04782
894.07458 890.75225
54.44860 622.04292
79.45067 386.38608
473.02503 795.62604
484.74078 302.53026
403.17179 673.57705
763.93411 419.82696
400.31278 191.81064
5.70880 747.24754
224.56628 177.83060
978.92049 740.84377
482.26227 298.04946
318.64228 556.06698
974.27638 974.30446
145.56673 474.49585
151.14738 60.82508
928.74526 791.44205
603.75974 371.14191
972.18472 671.04283
512.32357 883.17661
691.96569 170.37809
792.62263 301.35954
192.16906 355.38502
796.27152 796.39104
549.12593 690.73931
981.64466 26.84402
855.24845 796.04743
724.99081 798.24993
753.34169 198.02899
137.11649 675.09814
367.87783 950.26729
322.72447 381.17135
36.78577 121.41520
574.16383 221.44448
593.62900 194.11535
347.59002 189.86662
296.63272 368.39108
354.74234 283.97271
380.73809 262.52580
814.71476 920.99482
133.84735 142.70581
803.33076 823.69070
671.81960 773.59966
587.77758 704.61396
24.63837 782.09511
353.44210 16.67778
802.57346 152.82397
376.00655 33.61795
388.07310 102.19493
936.92252 244.00898
138.92246 622.21817
273.88259 361.58409
774.02406 567.07099
37.00646 286.32974
980.45003 491.96937
509.08511 788.54083
813.11705 963.05349
152.86540 694.07681
832.88652 180.80828
135.69636 203.68761
129.38989 659.43145
108.40635 662.52195
48.64694 474.18863
137.42568 665.29534
400.76005 422.41382
366.28182 66.87040
954.16395 763.67271
185.12650 715.60608
242.11499 301.95693
68.52547 474.45426
424.06133 117.59296
487.76313 801.76728
134.82910 866.87106
510.54578 144.63449
445.33576 352.84281
272.88262 235.08530
735.56963 493.09638
802.39705 136.69152
38.05772 618.76923
962.10580 738.22112
81.25789 205.63276
346.86873 330.29792
730.68781 610.11345
187.38243 850.28587
170.73433 71.69305
780.12638 328.43909
220.33252 82.01641
102.64872 624.32847
573.11228 485.67994
375.54750 356.12240
959.36129 648.88445
336.32765 89.28424
337.63745 341.95700
144.64747 137.34039
327.95160 336.53677
548.38813 703.84781
265.13451 79.22173
600.36967 751.70024
223.18520 322.90240
26.11930 108.96437
445.22787 895.57897
806.45311 355.33781
655.68863 619.01723
288.19476 61.86046
121.82145 479.71376
160.36567 635.27726
225.33631 368.35031
122.48900 615.41726
853.19407 762.93443
35.90858 510.68022
458.10769 532.54298
670.19999 117.62142
284.98555 680.08304
562.20510 692.75267
287.88907 394.23749
570.79952 919.74514
31.73956 58.56180
104.99807 299.25735
819.39508 540.97859
176.05618 593.63377
545.81620 989.95526
684.33461 624.66695
924.91156 832.82626
249.88731 102.59174
170.09713 946.60858
598.24723 215.13447
812.65667 175.72645
138.39385 694.62611
488.22488 435.46641
905.57096 832.41092
383.55580 563.99218
974.09127 59.72155
910.62925 943.47859
104.06204 111.84151
577.72441 512.77723
60.64497 585.28570
413.50717 150.35594
475.30752 602.53528
162.81864 45.02933
591.75002 421.00621
855.89869 832.82301
534.73806 489.77627
881.71338 107.26152
376.04625 78.20363
139.06411 691.29253
591.05669 403.02053
82.86001 995.17912
190.17146 200.39884
371.01648 399.48508
538.40038 489.62485
185.53393 399.25121
239.14888 398.85023
365.36002 30.84083
905.83782 82.79767
586.83396 996.71516
279.61211 415.53184
165.93077 352.03646
533.60975 881.62198
867.27452 94.42546
437.44794 634.62879
855.02366 871.19442
610.12272 848.29411
817.39847 444.12555
248.29849 328.67583
6.25677 71.33684
390.54702 85.68721
807.87232 97.10252
840.06528 536.11619
767.34755 786.06941
908.58564 904.17324
10.27180 1.00079
147.02743 607.72122
62.31516 373.87687
604.56154 401.42572
444.73307 699.58922
143.40828 256.04928
875.05560 938.65581
822.37825 371.18354
217.93992 82.54269
714.57309 466.59911
488.53617 759.81093
133.27903 667.92489
302.64870 336.20991
247.42193 375.61616
68.64129 866.65553
917.56832 947.87419
379.31086 267.95849
107.82856 705.19745
730.73485 269.08962
797.14822 749.33026
218.72573 293.09747
18.11478 249.51929
873.52756 452.49336
48.86546 660.83355
45.64201 69.15474
776.22889 796.27731
121.13074 466.64802
968.10663 823.15996
766.48010 823.84496
936.41980 924.67981
829.47247 82.44643
102.18621 140.20950
118.77993 859.24004
65.69454 227.49098
191.23676 47.98628
183.85211 969.74725
725.16749 630.19840
84.47164 648.76342
449.02929 732.13262
142.60725 673.73179
834.06564 124.67677
192.69119 267.66152
44.65406 50.71355
117.05000 228.26570
902.80047 711.77652
75.74554 246.63250
780.06939 740.30804
763.73768 930.67708
126.41501 357.28881
647.70231 44.19083
386.68564 365.07559
547.02387 936.70289
915.66324 947.96557
92.51315 337.36667
148.79300 637.84656
148.43108 375.62228
632.94734 616.14141
347.56233 10.03420
947.09494 10.62902
993.29525 482.92002
849.26700 611.70557
238.24596 299.42237
702.78187 762.16535
511.16110 970.18001
848.12543 662.27532
325.07552 408.22450
805.01539 743.91369
653.10577 835.51258
691.48782 812.25308
408.21139 164.38189
259.36915 215.80752
298.51532 895.30586
601.39248 489.37289
434.69762 220.68163
81.41709 31.70511
596.69050 741.58907
491.98787 390.35208
916.85956 926.18203
243.38007 393.77579
8.08958 90.06535
741.01472 687.24057
934.83789 798.32861
710.40006 589.53249
915.17005 712.38388
906.22923 979.97170
915.46186 30.27763
382.76967 163.81334
350.28565 71.22451
244.87924 492.51540
801.42367 946.67403
889.84824 134.77851
854.89685 180.54556
303.26168 838.35730
614.53054 331.44931
951.72833 195.69756
435.54137 375.19607
794.29130 916.07933
53.69670 946.73940
557.86152 611.52268
136.20410 298.30080
23.71079 929.37704
827.80554 23.18750
6.04068 506.04117
193.54313 198.57761
240.70240 818.77126
836.91912 139.65097
116.91020 688.86179
504.91269 225.31951
246.15226 393.56351
325.33422 110.42933
644.61895 362.37777
810.08998 983.75944
89.29310 82.62364
105.75191 642.99268
309.70652 315.53467
999.34889 955.84102
593.73659 542.32097
232.79574 167.99897
123.77530 391.42850
448.26382 147.64660
669.16089 117.80976
344.39572 464.78976
857.96657 948.72384
844.15696 181.54302
140.46430 366.24653
866.07273 333.10020
872.81237 118.35989
808.05515 320.79254
636.46197 446.71960
367.22183 433.50618
137.96078 607.52999
327.27310 270.84698
71.26087 642.55582
769.11864 710.64312
71.48633 395.09392
769.42393 439.61792
859.39777 78.74467
352.06902 221.65910
527.88505 684.01948
245.43269 79.85599
182.38637 486.25578
54.20784 124.37515
883.04846 188.38734
301.96776 122.61314
231.57695 162.71275
395.03693 141.45035
897.05045 616.07728
142.14417 657.05556
833.76314 397.08042
899.58053 477.22390
7.03896 953.48423
94.23368 172.33790
898.10878 410.38002
882.05396 144.52345
480.21644 820.30901
966.63290 977.59085
797.55604 248.22089
998.97351 348.73977
990.03144 869.20234
510.99462 436.62573
806.09283 164.15686
388.78583 437.50822
723.21708 50.44310
261.60609 83.73444
365.83935 972.63142
517.77300 311.09074
475.43358 539.75818
802.40514 548.29452
861.37185 890.94290
221.93580 835.75749
318.56830 478.02650
719.57339 701.26553
158.98985 685.05712
303.43387 366.35880
870.81619 253.57302
31.08479 165.37064
877.95513 105.90738
445.24322 263.76900
21.88477 99.98379
595.64353 682.41745
896.88097 583.70752
107.53625 608.31379
85.20069 102.03230
112.42075 627.37678
410.98907 76.15986
292.77857 7.13741
16.31517 39.02306
801.63296 904.96139
844.62813 604.80169
310.52306 412.17278
201.81229 209.32868
894.69844 821.02901
364.94998 399.06010
816.47643 663.10618
258.85479 443.77281
87.90770 476.27468
195.32032 344.79958
494.75290 125.68420
231.64818 262.79723
854.86832 747.84127
174.99271 430.10224
181.52191 495.81261
619.59825 55.99876
135.91836 267.83058
474.22968 418.09939
709.29658 356.07240
462.35660 726.09022
933.60247 409.11088
506.34007 435.92109
156.44432 600.51503
898.81813 166.00291
429.49991 436.78278
121.86693 642.00019
15.39085 337.59682
829.20341 707.46576
204.42316 170.09220
343.54069 50.62678
412.48234 880.66462
84.60383 446.37054
836.61106 362.93667
254.19849 447.83198
28.10253 866.96762
228.46006 419.71904
399.97394 360.31039
335.37218 154.33102
830.47425 452.44341
462.43869 137.81895
978.32789 481.96169
465.90224 329.52522
426.76166 829.71373
575.75631 930.07086
480.46758 580.47081
483.76050 746.17241
823.57702 163.16652
800.36432 87.92335
640.46700 685.46092
886.86145 907.95518
621.66063 630.87486
806.80854 198.50238
250.76485 385.39427
154.22904 617.49738
554.54160 622.63490
499.07978 841.88135
167.94244 262.82465
469.74849 901.13486
456.55729 871.89410
306.00714 156.56671
582.74045 928.64244
23.08016 910.80116
761.82944 20.46038
64.16233 430.52709
836.97237 162.71022
263.85331 412.29344
11.49837 310.08502
240.92228 235.28849
181.34097 200.48408
294.47450 483.96794
777.81588 806.48237
899.19360 424.38439
966.30535 950.84747
886.03300 166.43431
806.65160 187.05062
350.74180 942.07143
915.09210 755.59391
27.14111 168.95752
71.65120 54.49065
776.86574 72.98729
125.38676 603.10529
463.40131 491.45353
362.44017 204.27106
30.92610 371.04211
236.82037 27.96233
166.88786 392.09574
744.41084 361.66373
897.01801 618.76416
463.57828 820.79678
158.36804 648.37230
36.63573 930.49934
463.07627 750.52277
372.04308 550.32027
164.41571 607.96560
262.19373 15.57095
105.33358 154.82830
212.89637 175.43008
518.28049 452.07737
834.59934 160.82480
71.54256 931.55043
681.23370 582.11155
630.92192 931.08195
436.98688 520.46388
4.67861 31.82781
906.79770 678.25374
926.00752 913.26679
306.36007 320.62463
839.86928 106.83569
223.97402 366.36664
176.06981 359.38120
429.87306 117.46868
756.32743 366.62827
196.84779 71.84411
415.42365 645.36892
888.39658 181.45627
352.83399 254.96561
632.95679 560.37144
119.99714 470.20143
298.34656 395.30822
228.95365 336.55755
6.95320 112.96397
72.69181 60.77470
992.08907 647.96900
370.16968 266.90424
620.04390 429.50840
626.97533 570.62786
161.47320 224.68559
524.20104 856.31400
341.61452 314.66418
626.95083 314.43768
816.99499 173.19378
24.48914 487.12091
890.64382 775.48577
930.93627 931.81339
417.55333 324.53889
921.15728 641.11043
51.10656 9.98007
4.84272 385.21258
422.83986 940.80743
965.35234 956.21817
661.54779 349.82624
795.16393 281.97964
613.97051 581.02571
842.44196 197.64778
242.53700 569.51172
772.43996 757.83527
812.89372 970.69477
265.76003 312.27381
761.27033 952.19120
246.70696 163.67886
861.60759 416.35451
953.90108 936.77140
86.73960 198.41873
717.09035 127.32496
289.24560 506.85280
419.13443 716.05716
918.97896 942.00858
285.49718 293.98675
95.46281 251.03271
446.25632 925.92918
36.51822 743.66634
234.04914 175.27977
121.16011 693.78318
907.19841 944.36791
125.09426 622.65558
397.22950 128.71409
774.11246 665.73396
157.65192 684.32151
615.38722 575.63756
838.14671 110.11312
172.11275 756.88611
139.65807 656.65644
590.37181 243.84884
7.37151 741.25306
185.64435 241.32869
666.95158 648.74638
259.30103 309.87030
814.15572 99.37852
252.21606 528.46650
149.64299 545.54591
21.11446 70.10496
26.60397 753.63786
518.44086 945.42320
972.37315 968.22122
573.42966 809.99912
929.16926 712.83164
191.69195 162.31020
462.59435 437.58682
88.56071 707.68183
15.10738 961.69825
407.67725 446.61243
808.30448 873.81455
758.63323 511.07299
17.46505 321.51981
694.17083 374.24402
284.46920 415.54135
152.30747 649.85588
622.52622 679.59125
795.91998 117.44027
888.36203 128.26453
478.59263 159.72145
136.12072 697.98640
78.47829 208.56177
549.60859 662.84135
480.24997 542.15386
685.27800 651.83492
314.00388 117.52832
148.25982 593.74306
826.09076 112.79404
229.20287 470.10695
408.10648 767.47441
18.62803 476.03089
437.14292 184.16789
333.07386 396.25901
271.98483 201.10697
495.88876 583.70738
345.71991 459.93757
925.16056 779.30390
45.98348 78.83184
231.44631 254.76828
310.99844 303.89389
411.13090 997.15084
267.35501 296.13815
289.74719 12.99118
371.09898 90.61909
363.60879 464.80254
264.30820 209.47049
307.56129 856.76416
58.00847 240.60123
926.05013 488.61811
596.68161 442.57171
747.34262 571.12488
493.64411 43.71659
509.28457 630.40188
727.29380 849.72749
434.69363 255.69130
109.20797 625.91334
486.47346 956.12610
603.82929 103.81765
113.83544 224.34932
505.03305 847.30551
345.46302 403.11831
455.92447 405.25449
732.89487 638.86640
483.12892 661.80769
14.26401 860.54222
961.92441 739.66797
288.05484 154.85420
452.03578 302.64496
549.77077 582.31362
365.41043 136.80666
52.75390 921.35800
478.65439 721.72433
261.67032 931.60579
313.68765 131.08487
740.58485 469.23461
352.12718 432.58555
895.69826 134.82172
285.00352 837.92758
670.54046 477.85967
940.80438 395.06648
629.54826 665.37264
165.43416 249.87253
562.63552 945.59719
589.58037 101.66398
144.39567 301.88147
337.61659 518.89094
476.67243 667.05884
252.83858 271.36677
879.10014 198.98936
388.81567 155.95356
139.61938 229.41709
118.31599 107.73586
769.21665 577.02377
515.56193 588.35452
379.83725 46.60305
113.97183 745.84554
38.52723 400.90029
987.42754 882.79788
555.57851 707.75339
410.40993 561.12810
205.12199 100.33897
857.36276 725.72115
493.53251 372.12705
500.09103 96.02901
379.63171 339.53283
879.19306 943.17463
812.63875 738.32446
87.99044 204.26348
133.95410 348.75717
588.09296 847.08564
41.99843 153.21558
476.93540 426.48115
965.34698 970.69039
682.51303 589.17872
833.73723 717.42162
421.28433 245.77156
502.66346 89.64367
807.15879 109.93398
102.54141 632.73007
295.79167 64.60106
293.73323 600.81634
372.90920 293.61102
139.62561 184.44112
269.83328 255.03932
857.34689 104.96086
942.22385 724.56238
771.07869 688.51364
136.79181 279.36007
495.54205 798.92424
142.14880 17.48915
471.24093 598.52440
166.99264 121.08339
5.00212 961.70437
660.12840 82.35444
204.04718 235.14638
930.12239 920.26588
915.14444 901.33965
772.42818 840.84442
961.66945 745.26358
721.10765 348.93790
615.31163 173.99848
190.03309 131.38048
216.69512 98.27364
47.85387 341.74259
96.87547 694.52059
957.47075 720.39517
864.61349 389.25423
462.28157 313.96431
177.05017 255.83119
448.88350 246.97606
609.42168 538.57123
104.56461 334.11757
536.20580 784.57134
85.93716 744.44229
829.42128 746.63862
15.57285 243.79315
297.11165 356.02921
322.62750 468.15432
939.70283 427.14165
744.10904 743.44976
491.83771 29.14233
861.97032 328.14582
113.90087 116.42261
102.20605 621.84351
937.48739 854.34550
817.66742 183.43673
391.99900 625.57532
87.97759 368.19394
552.39024 746.02217
312.33326 54.26357
456.81380 14.90276
153.67373 342.39008
685.57130 54.96315
232.72235 40.64550
342.46584 132.25764
107.71585 31.81505
147.66862 638.80544
554.71215 729.49385
456.42453 77.67197
750.83123 930.94261
49.05597 812.88766
940.44683 878.86518
620.49164 548.14454
952.07005 534.71715
767.87641 902.10247
445.68817 977.97328
311.02293 371.19631
882.10258 438.65773
72.86663 59.46114
513.57442 882.83516
14.75402 188.08087
801.25940 692.33026
801.93995 873.91506
675.33808 399.39803
286.58548 534.74766
882.83574 744.81321
207.82174 458.12142
325.05294 162.81182
288.25927 389.35500
439.80932 630.43267
397.05583 153.69783
511.19147 600.38816
232.12809 121.43577
134.24807 250.74781
284.98041 123.80699
647.15378 928.22943
301.44325 639.78659
458.96625 877.10215
698.23216 431.58243
461.33027 650.06784
359.03176 454.50364
680.99593 35.11557
440.29728 561.88858
754.41157 908.85152
75.50800 22.25353
442.27055 562.00926
302.22620 197.06328
168.41710 248.45548
273.13994 399.38969
225.18975 35.08694
341.00161 157.95219
92.29286 788.42170
202.16397 106.52928
785.55244 913.63945
512.13305 878.13737
587.33450 227.11633
284.80160 83.19968
175.84550 320.00622
242.73655 321.82888
417.02354 955.40206
664.27827 445.96876
589.47848 152.66007
925.52141 22.03886
52.44224 2.71284
839.86768 859.95922
947.46675 874.78367
521.56494 543.71073
304.98460 629.81421
32.07529 133.45122
582.82610 20.36478
197.02731 489.77692
5.53933 868.34153
207.35861 299.76823
114.74491 295.27974
35.97278 298.55853
326.39687 445.30765
532.70470 250.16446
103.69254 126.02028
138.78710 160.89277
685.55151 617.50039
969.14070 975.27377
550.32466 108.57782
131.02148 352.10690
537.14302 994.60573
869.73062 506.61965
404.34672 402.98524
831.35075 187.29209
55.74323 631.21272
43.46528 37.76732
215.30403 268.46230
107.71551 696.58352
870.07082 751.84933
912.43445 940.02603
226.09537 276.10046
72.02748 570.49089
678.51963 111.34966
653.30245 309.40158
52.29116 481.02914
132.88230 390.24655
500.65502 810.84876
296.21866 288.51268
226.93524 903.73876
424.59057 474.60947
993.94149 956.70764
873.04626 114.27240
910.83445 361.71447
110.04843 609.71903
362.31328 137.30057
219.38383 179.13926
786.29756 954.93365
96.11017 542.60996
571.93929 81.96682
206.49326 167.54884
232.10867 742.83699
215.01360 105.86072
813.30705 180.42678
113.21974 293.58205
863.94099 824.32420
231.56453 151.46865
945.48083 414.70084
568.55072 564.91503
14.68659 379.24487
236.90711 184.15921
339.27090 392.16482
536.73499 745.70569
254.99181 91.96705
810.93665 121.13928
453.78787 306.45402
201.19382 307.56365
194.71803 231.28988
287.06991 392.79844
67.82408 477.57084
401.14847 177.60366
367.17545 402.43699
122.24439 608.73775
190.63999 438.39816
113.39880 269.63618
379.66345 408.17985
650.41335 960.59331
152.48579 178.20198
324.74671 190.37651
689.45028 436.84695
118.01876 401.93977
795.53195 886.30984
816.45206 191.92708
317.84089 187.55149
582.08421 964.32776
410.25046 275.90386
536.43297 561.38259
413.36239 507.96752
934.43648 908.92719
944.83553 968.49016
147.33301 435.72872
91.79964 174.02033
235.69931 47.94537
605.79444 54.75202
476.86606 770.63406
760.77929 304.90374
338.46246 937.22131
711.56397 321.03524
326.66667 138.61117
500.23747 41.53053
450.96977 316.36420
559.26997 98.80532
381.10498 905.79292
622.92347 9.51782
455.23907 71.46737
350.43493 233.30073
75.66708 85.96740
451.94206 254.47804
113.94984 10.94765
305.58761 217.89856
895.77535 618.56164
657.86802 896.83782
336.93535 727.30338
110.26808 271.73998
98.39141 532.34279
448.40814 364.93373
457.07109 899.40152
510.87044 396.72254
43.91945 68.74136
848.23390 116.04222
378.97977 312.52916
370.80236 265.94829
866.96643 152.87262
279.81868 121.02657
194.61462 218.99957
535.38801 37.71506
712.48030 785.89212
418.82770 741.95491
18.98364 979.16547
378.00119 161.11570
61.01600 242.41122
853.24918 192.52630
576.02142 19.14595
36.90908 825.46350
2.72638 385.13505
5.49547 280.77977
823.94228 711.38859
272.97189 327.72177
896.31418 103.46671
862.40873 50.51304
127.78538 256.76193
127.94075 209.88146
540.02775 862.48451
74.56497 181.46469
178.04191 804.64342
313.37268 175.90011
854.85732 31.13523
842.77339 114.10906
956.52508 590.97794
312.64026 67.44266
346.30669 136.13075
174.81402 752.52112
267.64975 154.35985
59.37084 497.35700
195.70398 570.29870
794.05065 380.04411
446.71818 824.15266
46.66069 51.81989
162.93080 643.92308
128.58140 649.86405
672.71275 860.20581
286.52987 268.95773
74.53935 752.22549
627.19049 809.89120
630.75280 48.40877
155.04841 650.10042
346.42830 468.40684
69.90303 543.92301
687.01607 322.95174
479.14262 516.70388
137.12454 277.20796
458.27783 291.72978
830.53652 175.87066
546.93786 789.97013
680.27585 21.80795
278.13893 194.81824
499.06256 506.14963
765.13777 147.25618
907.97795 732.75372
162.74502 67.20006
87.82798 15.26227
851.68227 648.07390
255.16425 289.89449
657.49450 281.92912
556.71348 952.23087
590.91861 596.12790
585.50855 497.03015
218.23745 244.99266
977.73977 7.34866
558.75048 336.10837
249.50971 340.38086
212.64886 210.87998
559.18846 490.23452
449.13536 516.22891
227.57817 126.75287
878.48850 112.22739
441.73486 302.56101
263.38458 484.20513
906.29438 412.75773
113.89307 459.85176
309.52056 693.07990
136.53290 396.00348
724.81759 732.68219
723.38540 948.68072
247.63259 937.59719
750.87765 571.45075
296.84949 252.64353
134.81041 125.53281
728.30488 966.48499
753.42180 427.20060
347.30108 563.46512
191.53431 150.10890
214.39038 42.63827
447.17096 50.27267
845.51370 835.03358
831.14262 39.75899
939.99874 682.92727
936.31076 898.11976
615.28364 433.23957
836.80030 173.56122
71.05238 14.07085
433.69441 336.22203
300.08961 744.25301
503.45077 65.92645
576.18800 850.47808
674.25870 210.69979
288.88038 411.37332
709.55337 14.99875
224.08533 476.92875
313.88039 353.68187
457.96310 935.54387
108.39791 210.76932
662.76156 184.03765
966.76106 682.44866
17.23784 936.29573
81.30465 82.10099
244.21696 313.54725
194.04420 359.92970
103.16776 954.88409
360.89447 128.18027
130.66366 624.58437
970.91155 818.72497
427.62875 888.87299
128.79503 636.97364
276.91982 305.39327
647.63091 186.57492
209.67943 107.68926
789.18295 746.76770
235.70627 330.31164
894.82069 964.03855
183.64602 374.00571
458.03315 202.69499
282.66427 607.80842
840.81306 132.78287
393.28551 180.52868
448.83415 296.64006
177.95387 134.91620
153.76200 169.04014
378.74333 408.10135
538.69758 814.24248
556.13763 812.96839
227.78567 557.91285
971.67012 857.47806
17.94025 367.95427
636.33521 931.26851
631.62208 848.27286
625.44387 711.48093
880.16593 925.25417
55.27130 355.68675
783.06667 793.26299
145.07641 258.61168
380.34107 249.59154
271.05241 293.07484
369.29754 113.86954
934.82204 316.62383
20.19687 34.49394
358.74277 695.28149
17.16861 37.92172
618.53523 357.91411
386.44502 74.10969
878.86438 940.78741
839.96128 197.07997
547.06981 894.44527
162.20088 241.95380
151.63408 618.32865
3.02368 448.11913
167.27497 60.47134
134.87129 692.79037
126.86462 249.34228
156.00302 373.31070
245.69866 418.24827
442.33786 640.51841
88.66558 2.89044
784.72759 325.06322
706.02415 175.65650
329.76891 115.48349
5.73558 101.09728
417.50210 752.14715
153.05278 222.64303
399.40762 236.04165
422.63021 3.14014
73.75422 768.34658
573.86507 643.23632
859.02303 740.52352
315.15129 235.41102
295.86570 175.61654
391.74841 152.45584
446.35052 991.85450
148.46823 474.20883
811.62614 49.00858
317.39432 166.56688
194.50944 151.21890
402.98247 463.53647
262.27214 459.50223
522.23731 48.98218
210.55696 108.03485
428.81776 416.28063
299.70952 229.32655
851.01877 155.34995
473.02111 394.29542
37.63387 988.43088
839.16812 117.49863
701.78109 705.37203
872.43432 744.53564
297.99262 138.70364
825.29577 832.41227
138.54275 635.13112
780.42137 258.06299
992.70922 807.90870
901.59078 502.74586
454.22329 647.34646
154.17511 590.53016
977.34630 990.73013
303.57067 69.42715
596.91552 625.04138
985.59094 622.02578
212.23054 40.38547
964.69617 801.85397
958.05464 631.04489
452.29631 921.12845
277.14467 237.58341
485.55495 659.80485
438.70793 971.00249
889.91549 172.13123
959.50330 955.82006
532.55042 944.69468
246.30007 334.50152
711.69853 638.27161
915.81150 552.96166
943.30761 947.59877
560.28876 538.93119
861.26439 845.97806
324.57144 692.33592
392.54952 76.32397
252.22187 416.17274
575.71349 223.48957
458.48343 240.86636
319.66119 149.56801
291.00432 880.46828
148.92120 340.73101
215.06656 269.74550
773.20735 216.86169
832.95370 374.78395
21.01540 68.63903
490.20011 425.01704
818.07630 184.27830
259.29656 461.51660
426.15690 859.05778
321.85995 3.37298
845.63444 819.45737
347.34772 287.08700
356.74384 108.91883
210.15983 142.41285
136.39803 611.99199
25.71014 833.80153
861.59247 540.67075
120.88228 105.61047
495.41503 531.13314
355.75532 297.84443
636.48200 492.29247
11.67757 387.27901
168.88096 190.99066
970.51651 509.08062
343.71961 311.91252
827.60478 860.37615
131.50230 615.23531
743.30531 623.72489
363.83852 201.38404
977.15561 276.83668
21.06358 460.31564
81.64699 76.70541
32.06002 105.01069
394.91174 213.76014
448.87696 663.40002
976.77223 374.43306
519.80552 23.13165
965.38314 739.68720
104.32399 638.65146
51.94204 107.34810
438.59272 360.82649
435.25766 552.35366
113.83969 603.77834
17.82831 221.26527
100.30838 55.44099
313.76826 233.62927
89.76375 407.76972
925.98895 695.25404
204.60947 294.10678
426.67489 285.87150
56.77074 150.09748
658.79236 740.66862
117.89061 25.79814
66.76526 913.19354
947.86200 908.18182
988.55201 955.07456
783.10327 685.21452
295.97559 319.96905
952.21973 443.19270
553.77397 896.18373
227.97258 306.70938
775.05034 676.52306
228.17904 474.85949
505.23912 364.97890
169.01137 328.83186
164.88810 544.05361
998.75225 889.66732
45.04688 202.37108
436.24455 349.56760
764.96732 658.16081
820.70391 939.29618
115.72994 206.16402
14.97876 62.66711
333.97485 42.74868
881.74811 115.33767
879.17565 168.50379
519.97789 776.92115
121.48642 480.85478
838.99430 197.57177
930.71453 42.36443
860.23943 891.65146
579.99831 10.17776
577.77793 841.89356
502.25549 765.12325
865.55384 129.92067
70.99134 166.62595
423.63115 426.30426
318.75977 259.81690
311.22882 387.87961
801.58246 28.10775
939.53608 967.98204
427.86280 517.72290
650.29351 689.69374
507.58736 487.14191
124.82691 641.52491
82.92648 18.44676
649.63073 645.58698
704.36646 20.67293
476.68462 576.39917
478.66870 914.38736
860.52967 897.03762
61.90457 18.72498
213.92277 311.77295
600.11379 59.74783
862.43713 482.97831
341.95722 140.18777
895.84493 79.07131
205.74255 390.70952
801.56785 862.21099
950.55539 76.72704
798.23362 652.62979
392.35469 81.94603
758.37959 120.32850
84.21692 36.27199
339.64755 480.07756
894.52675 920.90068
468.36779 101.05403
907.58827 945.96516
217.60274 360.30956
949.95261 370.16457
360.50547 176.89985
153.08999 466.74627
51.67158 43.86885
870.37169 396.97614
171.68470 269.55777
915.58153 738.87278
713.04495 786.69325
837.59297 128.73904
381.70651 82.54946
535.22434 471.82793
547.93453 519.02388
471.48725 782.04904
520.18877 30.38381
287.66109 362.74836
141.36821 176.21842
465.33314 931.35200
785.96521 667.90862
696.66390 893.09966
68.92790 541.78024
630.76936 75.69389
368.35222 387.28861
437.91742 152.90764
336.43367 250.43539
162.49637 296.18569
908.89480 794.55769
175.12340 456.73711
566.53575 402.87448
745.50415 311.75053
537.34387 138.28515
529.29752 584.54041
100.57545 209.89860
116.44663 642.62574
80.88780 549.25689
88.07101 644.88865
10.62518 49.25872
174.85472 320.29154
474.63220 643.47098
837.91107 774.83706
110.62368 154.21084
899.17217 299.20455
38.26513 188.41415
172.79703 473.55428
164.90199 155.46999
430.91308 541.88550
799.71906 511.80375
690.46566 204.76438
652.36717 472.19230
55.99648 437.99927
717.02946 616.57075
359.26088 264.65695
83.68759 76.32206
885.36583 731.94889
753.32857 727.29027
414.30606 805.32372
279.91289 126.72872
562.61146 998.24800
762.40155 701.07142
162.63185 655.25789
694.53140 233.28227
33.89416 686.71684
718.19828 782.87333
825.34590 910.66919
74.20010 968.17136
376.50467 792.72478
940.05927 423.62314
456.28627 486.88227
74.52859 300.74330
345.97700 27.66701
449.37476 659.80838
775.16049 476.42118
846.58485 435.02753
662.88112 481.17011
11.36534 148.57095
41.86367 61.15015
427.13298 678.79584
619.26282 471.33747
357.53227 367.27510
485.63288 918.52513
895.21182 857.79670
957.37121 428.73317
954.85505 424.66314
182.57408 452.93786
63.64254 860.52593
756.66295 226.98651
455.75552 46.55907
52.17240 5.87802
344.24264 429.87387
434.44628 80.00918
82.63187 40.18940
196.86113 343.28589
559.19863 899.51682
889.86210 135.44184
721.62046 706.67113
698.79781 985.18223
429.00789 496.52527
967.37382 777.23747
406.97214 711.19600
231.55184 392.65589
179.45744 559.58232
376.24592 336.25249
264.88521 376.19258
15.16133 206.13356
80.05567 143.41381
505.61637 333.03769
814.94536 169.83782
409.01118 613.42834
743.10539 718.07974
847.21904 840.57366
693.54277 173.46148
628.45892 453.79306
13.34870 673.64603
902.37240 578.02984
564.01666 722.88267
432.11226 442.38430
113.36947 644.90122
687.44266 101.05623
866.49910 738.34474
319.81505 93.80905
778.27022 107.14356
126.60497 690.42193
55.12847 400.47008
175.62823 259.50639
73.83389 299.15944
817.23799 932.52640
788.64607 708.89111
997.46923 485.58223
777.00356 766.42195
279.29289 147.09838
8.20380 215.44996
291.50127 120.17964
265.40118 400.45597
878.16923 169.73691
498.57228 17.21349
164.96194 631.97516
138.39808 647.54850
581.78631 866.87560
290.65044 155.46998
75.45133 18.09137
292.47780 963.03405
337.34553 609.57490
910.93169 112.94070
136.49632 97.70629
102.34530 298.99946
508.97359 661.97409
712.14734 781.38029
163.31415 602.90005
919.21738 497.75873
929.08506 912.57306
700.82939 705.47909
819.67885 809.69227
312.64879 349.83852
59.99656 277.68081
359.38727 398.30648
241.40237 239.47177
395.25418 392.83988
55.18337 415.39080
110.55297 123.20983
254.73914 172.85588
100.65985 551.02670
341.22823 271.34744
61.65593 302.24892
66.36280 71.16347
635.43415 950.81886
64.96743 197.45862
938.16326 20.75672
161.91288 627.77013
300.32163 139.28976
133.03722 666.74809
271.14978 372.07450
272.94388 357.97162
658.35254 642.06936
161.19142 634.14991
194.85221 63.82303
370.55081 367.38518
125.16707 521.33682
693.10277 675.47896
29.97050 45.42021
998.36391 933.72934
319.45906 27.94813
206.15535 131.26930
192.52798 572.97377
335.11676 130.20058
898.41004 492.67800
907.08248 911.75149
809.04336 192.14475
305.60008 11.80292
817.65496 946.39911
558.72965 178.38943
398.78439 201.01097
264.60316 473.02066
324.51282 486.72379
850.68446 194.15940
835.58815 929.37858
82.85917 18.37879
865.42620 133.58204
861.46822 390.75863
68.74880 491.68573
40.36150 96.39348
16.97643 678.62446
513.21335 994.40253
679.93142 988.02427
253.64194 228.45869
215.80924 135.64483
475.04498 198.40488
447.72968 44.89221
18.27642 45.86901
340.64580 203.77874
963.22690 692.31018
696.55421 992.00062
847.32478 765.31427
972.71684 615.32987
393.97453 655.32332
85.73641 609.87472
107.05664 154.55678
738.19393 727.42351
703.67326 492.79325
465.60876 650.00787
86.43640 99.96316
425.31252 346.36102
891.10386 982.79583
845.39901 961.28534
416.08826 549.14726
344.55230 335.08551
279.30997 31.20317
461.19205 591.03377
567.16070 150.57777
548.70425 91.64533
383.01405 256.80778
99.63639 140.19654
92.72557 334.34308
123.30481 260.41232
157.13682 325.11654
399.69476 378.12451
485.12561 278.28668
443.29954 575.13601
577.78633 828.25204
136.63925 608.32157
736.97297 774.41475
228.55731 435.04236
492.84177 603.68330
518.33875 78.33527
512.27399 658.21031
294.60104 524.13316
53.57210 821.91625
295.53906 501.35940
288.18848 888.88900
578.31474 778.46239
801.88804 775.07421
326.83815 434.39306
868.88180 901.40097
368.00357 313.03502
350.50347 340.85274
99.61091 952.18234
625.89582 235.78389
855.20664 109.84324
715.24954 40.37507
110.35652 382.73474
487.83598 203.22323
411.72904 805.78457
825.68250 143.26260
851.04511 61.80026
240.94151 207.11832
583.42427 224.50783
13.38929 859.04848
160.77141 695.75254
367.15614 373.41999
31.49843 976.81243
778.14932 2.72274
876.05917 90.93355
293.42003 229.58389
278.85566 123.53211
586.26939 184.16969
450.75426 792.89749
315.89108 57.98198
234.25338 176.51684
994.05500 986.66748
645.45976 32.36205
812.68176 151.49095
683.74648 630.59216
203.59725 659.91943
83.01358 40.05830
657.41379 1.59633
303.43427 890.84921
448.99243 280.71509
99.65471 392.10337
659.03633 575.71925
30.44059 377.35612
137.80742 658.37647
343.18105 191.89407
891.86577 145.88209
367.10426 393.05056
167.71537 161.22681
538.51666 637.85864
127.52484 107.52491
627.70399 979.11016
760.43337 662.66760
825.49022 142.33035
256.47469 107.08812
532.15385 149.26890
705.51698 745.11185
731.05482 703.52329
579.74546 353.15984
960.64406 38.33415
110.21879 51.68771
761.32969 924.61477
161.40545 182.70483
201.72267 246.47751
774.66848 920.61734
703.70316 622.36816
131.66356 616.63786
344.69956 384.12166
711.96934 734.08840
197.72420 456.99000
572.53412 981.35150
260.19346 118.11982
755.20631 50.09013
17.94011 93.20531
389.95664 128.69235
281.32311 327.61205
235.93968 454.99999
541.54130 698.16403
821.01615 895.63728
664.29709 214.59331
168.02976 452.22940
375.41027 744.82913
100.01688 358.12895
444.41116 270.82023
77.03075 925.89570
554.73739 934.92713
22.64807 31.94985
896.00086 148.52094
839.56004 107.17599
740.46506 394.11336
713.02473 680.79007
491.07570 486.74297
234.15680 219.19074
544.96548 973.44113
435.74742 958.15981
979.69623 393.39266
144.63829 192.76884
582.60629 821.33488
563.68307 617.29973
862.30293 406.18064
914.54021 935.08295
377.51496 399.00488
640.24772 819.98692
843.52186 805.10338
921.90988 301.67075
301.06073 224.30943
302.39575 8.17567
149.37966 94.73407
889.66473 985.23072
886.27111 717.83024
118.35071 301.19844
423.16804 548.67150
217.52438 140.00452
814.51672 198.71430
882.38841 182.51028
599.07782 392.42236
89.51978 74.34082
113.50372 691.51700
944.07844 927.02136
188.95751 276.20385
463.87895 415.79493
225.66412 227.23679
538.22353 965.62497
246.65810 361.76003
697.48618 733.18707
979.53408 982.07959
109.44170 157.60261
112.05616 628.00106
766.23839 730.45018
958.65671 998.51543
824.71303 116.32841
11.34477 70.31140
913.78203 44.26505
420.37397 279.17762
855.49465 693.42256
916.53567 943.74421
443.23747 639.86195
144.38103 634.74656
301.96116 312.16415
200.00925 371.44124
607.94231 345.45255
69.02650 36.11349
892.33865 412.28514
72.46010 478.61792
992.53481 97.53662
934.47969 931.30416
812.52968 916.62871
17.15187 201.41463
507.49945 937.03236
876.55151 134.81453
229.96075 466.51315
112.89546 415.37340
375.35604 168.93847
42.86106 64.34011
454.53617 882.04367
422.45536 979.59387
196.72012 437.97637
625.74867 603.05572
566.33579 504.41010
406.18137 580.61005
658.90602 800.27653
997.94318 766.63722
164.13947 530.88704
995.23348 813.80101
386.94739 283.44879
917.55500 30.90496
586.90799 353.14453
236.97841 167.19278
667.22271 682.98151
453.32312 899.07538
77.21271 328.13267
939.76045 907.97583
683.55281 772.81801
356.95405 636.90242
871.49201 980.30243
581.12009 378.02747
828.37865 184.52663
795.76088 689.08076
366.08121 258.21392
316.03520 130.54071
736.65802 440.79435
153.34464 8.05654
104.94290 607.71046
119.50789 461.59624
305.60242 305.46225
915.33931 484.30463
146.84638 352.80283
325.21170 322.35423
966.67024 994.75837
493.51504 4.21986
999.42380 860.80059
931.11766 696.13388
855.50115 719.34080
347.75433 480.72860
955.98990 960.92808
975.94946 438.25972
874.68047 993.14992
767.96998 508.01755
951.06770 992.77548
188.38626 459.81426
127.71942 810.07921
127.47419 675.97037
866.74925 193.82495
30.45335 778.11432
660.00249 650.51594
518.18816 137.46921
259.07810 249.42877
44.88358 9.40238
108.32881 724.42418
949.25000 948.97647
697.24514 91.67398
454.59095 409.52886
695.81887 54.05248
61.11974 17.77567
249.43334 312.67339
22.14826 682.24678
590.84456 707.58682
945.49090 800.07556
331.88601 12.42377
179.16708 783.11230
397.30332 585.33723
780.24480 914.24150
836.13850 300.16051
159.35309 692.94568
66.54211 911.98787
277.20091 229.37880
300.35563 220.32799
42.38813 868.59276
953.47332 750.50877
509.62463 337.01778
962.54900 569.41510
300.39347 984.40534
101.13389 248.95713
301.46960 342.66672
178.94969 91.48105
199.97938 263.31119
152.95918 643.73634
393.06813 679.87976
224.05271 957.97857
851.60228 862.62741
612.51430 299.30396
811.61070 825.36829
314.13405 820.06964
954.03306 505.65497
110.37265 3.68385
398.08321 289.40975
641.31497 885.51382
408.74266 859.84404
266.87992 262.82470
830.58940 800.30852
490.73854 208.06018
692.32707 796.78197
487.56257 373.35758
342.57996 353.83724
108.31925 306.39026
484.92705 570.61745
422.39948 293.76314
36.11942 392.30956
370.04912 388.83403
160.72582 175.96706
732.91662 524.17030
205.23342 6.53592
464.25307 463.76144
483.59145 470.27244
857.55478 56.16068
984.58021 758.48542
194.26398 329.18317
229.26117 468.22655
42.22977 409.65766
345.87841 234.30340
665.45120 967.83719
96.34534 177.63141
370.67087 292.75661
807.37759 881.69050
179.74793 282.42657
802.42674 17.12576
22.72201 148.89628
377.43187 425.69661
879.69641 785.64725
735.45864 787.44744
190.62440 82.48449
386.24845 466.42312
221.58560 219.42899
275.61430 117.61798
543.56690 598.96221
986.03839 787.25817
236.10943 308.53501
46.47005 88.16326
741.82322 511.49279
829.24196 792.28569
491.54212 348.10329
828.61774 386.41617
266.55991 945.74140
423.06541 514.25366
276.07427 186.23102
423.45635 758.06683
182.23378 491.69798
851.90997 774.16832
516.30109 83.93830
582.29473 261.91330
910.96208 975.50539
309.02657 135.56170
509.91931 597.58791
319.59138 328.78232
939.59196 916.34051
34.36074 423.35969
240.42965 687.38648
112.76786 70.55007
396.09293 367.31136
981.06289 839.46811
943.85822 169.67321
269.55799 207.95612
19.18962 576.94095
478.55591 139.90549
622.64078 204.53133
118.74844 124.40187
478.54175 9.04493
274.97210 480.38131
24.83822 86.34535
399.08304 300.03261
929.67412 938.84765
55.48568 639.97627
932.59333 158.38572
89.73983 275.68131
152.53835 613.80361
114.12421 651.76834
115.20334 746.40745
522.93077 979.58166
88.88788 712.93034
152.85240 48.09837
399.53218 183.18474
198.97440 20.33879
618.52767 53.07890
52.48909 98.10822
11.13424 626.23898
354.61951 395.34840
399.86009 711.24894
483.75745 127.32771
481.42699 405.57309
68.56228 396.97981
735.56226 95.23307
331.44857 137.00954
789.78965 90.11657
689.00156 176.15288
116.46035 676.29957
160.23055 161.04727
778.68213 217.40000
754.65923 581.27016
667.57410 190.81258
897.41611 181.83689
305.21440 291.93444
290.12432 639.02904
347.32229 716.26331
845.72086 305.43027
37.65328 68.33814
18.82917 423.86644
587.91232 548.02038
285.75005 185.42661
193.37007 287.75725
89.41163 211.66016
216.56888 352.19445
155.71045 695.31591
178.82951 229.75881
974.74998 725.19086
237.07409 192.27793
428.51415 550.31423
843.00699 784.10450
533.11533 54.76998
555.64457 513.22253
300.97488 420.90924
381.99334 44.87512
330.69886 148.88598
506.77734 599.94986
453.36135 387.62340
545.34499 921.13221
817.14235 362.55043
698.41272 9.16682
103.27675 691.08076
791.59592 601.66667
813.40826 528.28823
607.50994 905.57355
770.24320 422.98848
111.16571 653.74242
347.00094 962.10574
78.98452 158.57577
544.24854 71.56954
120.11985 614.38631
296.86072 672.15560
954.84528 507.95782
163.84192 13.06867
361.52401 125.25340
855.40170 107.84311
902.54271 719.79134
112.23195 143.69070
295.99506 723.56092
10.77975 756.80199
491.44986 711.92678
237.34441 208.41178
15.11553 412.32649
497.70086 634.83426
431.64164 691.29088
806.28139 544.96636
55.80841 51.91332
126.44937 510.72089
466.06711 638.75250
116.64743 116.96112
486.49814 904.94112
975.59970 501.67739
515.51326 688.50487
96.37531 99.60609
225.65023 365.60334
42.44166 97.00823
356.84917 642.87896
806.82824 175.32566
343.54419 249.86527
274.95235 213.89209
253.37373 171.87647
213.14064 283.14948
707.24124 256.84698
583.16796 590.16046
234.09310 923.56085
815.67604 322.25828
185.22129 274.82916
108.66675 607.67608
462.23282 102.90279
582.58529 647.18290
812.69164 492.53026
603.99917 226.17507
84.81857 821.10941
50.82582 225.94952
137.94940 100.89830
217.52577 265.08679
466.43054 898.09327
515.59559 608.04897
984.25416 336.02151
922.87721 919.33878
708.15391 918.67282
308.78653 31.10137
495.80773 809.33438
794.41604 742.71469
525.52680 24.02844
361.17422 238.58181
220.22837 245.68570
412.51336 792.28290
295.20302 316.09894
490.60130 21.73311
927.72797 37.35080
471.52156 579.85621
453.90977 577.88212
646.36146 679.26331
138.68072 628.12380
260.83927 320.20704
450.27982 140.87938
326.47411 376.60410
876.42973 140.44471
461.57401 557.42033
159.53688 367.41296
638.35422 904.53640
32.38880 482.66657
47.67959 588.81894
115.73524 659.33755
205.15828 98.05009
151.42038 194.21704
194.87353 1.07686
313.98978 112.89267
867.01581 127.96811
574.89462 684.00235
58.08405 153.14743
527.82873 46.17618
26.76327 57.44241
265.41826 226.51171
541.31503 827.62849
151.53814 120.89313
497.98761 85.01817
835.44707 166.72804
991.78485 906.90223
992.34002 549.59018
391.14591 488.52727
335.64769 129.96106
564.88506 559.51515
12.43409 285.92583
519.51808 287.50311
547.08885 281.65512
246.59261 276.24135
22.18621 390.91422
812.77558 539.68293
482.98150 55.55664
117.77967 616.07067
231.97323 392.34409
940.06141 944.52670
584.32525 161.42123
23.61729 351.68820
318.73326 87.59269
690.78852 440.48993
939.09157 924.41232
223.75925 24.26869
82.54995 372.46327
606.30956 986.83643
358.74883 497.44514
764.80107 799.64936
227.50242 222.85498
55.46180 96.04887
161.69313 628.79943
42.29755 452.50719
178.15527 35.48533
806.35849 923.13976
236.54128 100.53336
451.33688 68.71848
702.00727 475.81070
91.31482 678.26757
380.68128 519.08483
281.36607 116.69212
62.38075 985.08378
240.11183 123.99240
304.33198 704.84383
950.72901 313.76354
731.06745 707.91944
401.49041 705.95825
802.46284 42.86373
950.86327 484.56295
765.66279 522.37981
584.46701 564.25521
402.43786 439.64330
390.92120 265.75955
502.54199 866.06050
191.58543 940.45795
64.51934 968.55744
128.33557 22.96870
322.59280 523.13445
502.23776 70.02416
135.66177 377.56528
446.41071 805.30670
436.76779 286.23765
314.67714 499.90802
587.19381 59.00711
572.46213 66.08402
11.20910 88.19338
361.27899 112.63308
98.74865 27.12218
69.23865 779.84744
154.20568 233.54724
22.01039 732.06945
175.29698 48.11298
15.49186 258.61394
725.89291 709.11009
647.44154 890.35724
25.25449 347.11245
1.35285 83.14898
158.31228 648.21249
689.59672 374.13419
326.55199 57.17680
724.96894 735.99087
188.05988 590.10741
448.90608 815.35640
400.19215 406.84835
129.13776 668.05018
460.13288 333.95082
38.42474 432.27854
337.92943 360.95369
70.70946 904.60448
983.86414 538.87157
111.35325 36.53824
241.54678 194.32071
254.09006 394.00586
533.45519 896.50112
82.52901 142.85050
552.21831 293.43617
953.67818 483.78595
27.71823 424.27009
8.25940 64.33428
99.82936 10.18321
226.37109 251.09542
192.86276 460.88477
868.49947 608.51092
675.46604 587.57260
934.59115 881.71791
512.87905 167.26539
435.87818 192.85912
287.24828 214.83130
890.95387 151.86342
14.65058 386.04794
461.35929 9.36094
624.30968 913.70020
581.98639 382.71434
98.30147 607.22729
347.86243 125.54539
442.56932 651.22484
943.42077 901.21910
837.66448 828.79382
4.80431 140.42470
760.22814 379.09582
110.45916 451.73930
484.09811 901.79852
256.37983 238.38576
472.06133 304.95631
320.44697 328.27411
22.61378 44.27832
129.35840 76.54502
660.85827 223.47419
121.19195 206.64177
51.14856 992.28547
75.33185 488.59848
387.38114 318.04106
707.48139 788.53751
550.54847 381.51763
978.65614 404.18577
73.53018 163.74324
464.89612 49.33834
353.56977 149.79052
97.55354 9.61932
267.84921 105.76724
313.54512 405.26222
317.27450 397.40926
923.24842 261.81670
182.70688 350.76759
137.16286 391.65836
171.40419 847.88366
832.25397 114.63142
510.88142 485.68551
172.49364 485.93398
42.12231 605.17655
458.45016 859.77440
405.67517 866.46832
464.44570 287.34838
121.99844 455.19405
958.53055 740.58243
501.85751 678.76441
140.57973 306.53720
679.53730 380.84941
414.71224 83.40565
149.04973 674.04252
826.29297 173.54048
29.37630 727.77620
541.15888 506.78164
64.08153 639.76796
149.35378 675.53849
173.43591 105.14168
14.86991 937.73130
637.65736 824.35827
263.57048 135.41032
591.80246 815.92355
122.61434 189.66875
534.67239 462.82556
322.06524 411.46190
839.28659 414.08894
771.17425 842.94672
157.34249 974.13941
428.69449 458.19581
176.76146 293.03403
146.23713 268.85754
509.17030 247.84089
36.04553 232.46996
256.40448 231.61523
804.58043 324.93404
847.73247 198.46723
529.55729 242.11240
80.46114 130.45198
979.06545 988.32780
63.55513 98.67863
576.71291 28.14702
924.05506 43.52710
267.34778 310.91918
343.34567 342.46551
939.21364 310.86468
275.90618 180.93572
139.05520 335.93588
97.67210 75.53770
184.63655 769.28268
746.93608 650.17014
835.66891 774.58879
177.84573 364.09236
736.96776 57.82511
764.81350 754.79879
329.68864 353.19587
357.41853 383.14074
638.85278 378.34499
204.56423 991.82444
993.30905 325.25982
802.11691 59.52253
346.37903 12.14616
141.78619 314.02929
801.65562 92.22006
491.19071 451.40510
70.81566 59.99401
619.73228 602.08494
209.08174 438.38188
179.59358 660.04258
135.06488 637.47970
497.85638 221.42211
461.54317 815.39932
444.43932 898.21640
924.72902 941.97263
805.38016 167.10025
409.21981 959.41597
45.92567 851.00209
227.82557 16.61186
83.14150 347.98030
132.18071 84.98311
689.04071 24.29702
838.47568 198.17770
141.38416 269.46655
624.74731 988.81027
290.27857 160.45234
272.06676 257.97634
269.66368 104.36231
776.00902 136.67135
364.16045 208.63606
90.12617 259.98055
234.90167 254.11103
822.54808 373.22658
289.02870 261.85708
978.92865 348.91130
142.86430 551.93745
392.69594 21.41783
200.43123 239.43957
144.58355 174.23166
146.90085 647.40555
405.22404 248.01328
394.52561 503.20704
716.66128 577.11230
454.93661 254.45938
850.09807 795.53798
327.76818 143.48567
564.98049 536.45828
129.75543 76.57410
45.67600 167.74901
147.87542 110.38243
403.45416 503.67232
63.49836 611.55284
414.65048 952.37782
195.82246 151.49370
94.29688 45.99560
939.95778 748.59744
702.86217 261.51378
235.40023 3.81751
842.84886 185.80271
476.38931 678.10699
135.87940 648.54058
285.05473 590.80852
959.16340 991.75996
620.44927 321.79900
619.67144 541.45141
790.24888 612.62444
264.81313 384.96945
55.57858 249.21713
404.90572 155.04789
539.98981 421.91709
324.54012 143.14980
947.05829 973.62350
660.26433 621.80934
798.51816 559.20559
981.05081 774.78072
46.62186 263.15161
285.04528 156.76061
86.32411 815.43259
333.94044 356.97657
475.46744 49.68178
632.31705 747.83972
455.97873 443.89768
442.16596 964.43087
812.42043 100.62417
67.86374 350.94362
949.93134 796.58089
232.46615 801.46466
458.86145 10.83000
745.08410 136.30505
719.52321 873.57393
858.01631 148.55697
240.67272 274.88735
366.39117 340.15924
444.79545 425.10787
240.16623 979.74271
99.34810 247.14202
154.18758 671.61231
99.27215 121.56471
513.41110 447.25891
896.72313 6.20455
411.80838 811.26977
916.16895 592.99951
455.56523 759.27724
447.65584 524.29602
425.95527 730.96488
809.99515 386.51602
107.26413 661.43186
91.98200 219.31458
292.21982 44.85092
485.86122 279.95104
64.76635 717.68000
881.90263 497.50791
870.97428 963.15359
145.99334 188.47501
905.47889 941.08836
562.18613 873.46816
441.26876 702.32758
106.01968 328.02753
272.86986 26.62782
721.72970 592.04250
655.31546 790.28113
195.38635 519.14817
730.83341 13.31506
503.18256 738.77244
127.73063 603.36259
946.58898 828.83361
131.35855 661.49504
870.32676 163.46263
485.34865 950.93838
968.58263 999.05818
821.48200 82.05456
7.04885 718.54871
274.87951 129.34306
142.84266 627.20756
117.19025 263.59876
137.19789 138.23469
682.98945 493.43693
189.34830 48.47642
248.71325 215.21951
945.75706 42.86403
338.69234 397.45664
193.34648 313.50741
527.89712 141.78708
23.27832 953.49223
157.07380 355.07535
11.71585 84.65303
5.48002 83.28232
419.21464 803.45825
351.70969 173.19221
161.95845 612.62078
7.92491 91.28581
403.59528 765.66316
37.38779 522.71544
127.17602 1.78257
285.13779 504.39381
404.10284 557.91810
911.50754 394.33087
382.08467 130.93857
372.93476 160.29238
958.32752 987.14260
622.17258 330.77858
229.84096 209.43830
622.49349 329.39476
289.08839 178.55123
31.58317 454.87316
830.61907 184.19360
828.22961 8.96559
126.19331 681.29904
978.67736 94.80474
918.12803 687.09835
754.24316 311.54690
889.80695 754.64920
955.74786 952.40427
254.73052 464.76052
433.18577 803.06725
680.00823 679.31083
367.40683 316.69603
884.76453 948.16750
84.16206 9.11113
485.68499 874.22027
267.73811 79.93750
698.75860 764.77231
992.84016 963.38339
890.40487 163.76876
465.16881 965.53458
758.49979 751.85541
976.71045 721.56615
245.05996 133.87506
862.23655 898.35775
687.80988 997.33165
962.80087 972.90644
124.51210 615.28188
138.99024 748.26134
202.58332 164.88508
877.71022 981.32712
189.09108 235.04499
403.80346 448.85858
281.73838 194.05501
670.76472 401.79139
471.19823 890.17570
236.09587 234.07517
39.91621 375.64080
695.93639 946.74164
32.14063 775.98570
863.98878 679.55494
339.50294 198.41440
958.31493 849.37022
741.52312 625.15603
540.73972 152.44310
391.46787 159.26923
700.39418 605.88741
936.36109 917.03497
92.58702 433.28007
477.14517 136.92886
244.51610 147.38905
976.26023 721.39404
591.90740 494.96904
341.94313 350.37840
503.06877 23.66309
689.58776 649.14452
196.18110 224.04484
932.04704 922.54765
875.55616 994.09991
995.16539 36.88548
368.07888 359.89077
71.08398 188.36707
47.17076 10.06726
409.85692 224.58864
952.36969 654.34494
89.42124 4.11917
28.35024 155.75189
761.90800 736.43301
161.51207 637.72535
570.96672 744.79916
437.96702 87.12048
461.69590 224.95236
987.52069 823.25152
914.78929 736.01606
599.96802 833.58769
608.37195 460.48387
69.67889 308.63371
688.04862 60.83848
784.94791 758.51825
984.28747 970.82068
292.51515 553.01819
14.13717 243.32041
256.88385 410.84754
194.27700 361.59863
834.34075 19.66695
823.24362 750.63603
967.36343 470.95575
537.22893 882.57229
521.93540 322.91716
501.40480 71.63477
628.14804 321.97109
984.57778 965.11312
988.64811 389.94910
698.92408 615.10910
33.23664 403.62504
463.58317 838.98360
160.35019 970.38304
207.60430 126.29966
416.72920 734.03832
806.54488 927.47854
264.12290 137.21433
293.80105 193.33124
164.61582 600.14487
279.80711 119.59922
49.98649 371.17425
564.14530 899.49129
331.11090 241.84583
859.89198 657.25330
188.81369 220.21734
128.44958 175.42114
236.16782 100.78597
859.03690 49.50033
787.13135 678.13511
901.51656 762.51344
114.13897 212.08353
449.87652 385.05446
465.40304 235.54927
164.88989 510.76964
852.10447 149.89565
832.34571 193.74923
523.16726 23.82309
790.80363 628.94799
313.72361 108.82696
972.10673 600.01472
27.01870 88.49011
1.82155 756.37072
424.75566 629.72425
198.43533 376.31869
336.45653 140.14109
118.30628 225.26337
227.89322 205.62934
3.71091 827.02784
347.36170 310.73935
376.21863 286.42759
236.78514 275.65109
47.98824 298.72077
941.38521 130.39482
662.81081 841.09355
44.96330 621.42739
362.86843 300.23845
48.45279 41.25869
994.40324 409.85293
32.27320 407.09775
804.38575 635.58396
264.32734 292.89225
131.13071 623.13564
891.72385 171.10025
326.78177 12.14738
56.49007 421.45396
461.05611 571.10899
88.74925 943.73443
563.02603 142.93897
152.13504 676.25932
755.08127 745.37714
498.05071 103.52803
143.99057 301.95930
218.22716 19.83529
494.26939 274.13894
202.56643 79.33117
541.86285 187.79659
89.89635 111.19096
179.00984 716.47103
445.38760 675.03204
453.73665 394.99726
99.67348 69.62187
756.53202 87.15072
926.96475 507.80865
592.58716 49.38123
22.67478 573.52576
832.51220 209.73862
529.97980 920.27707
768.95121 60.40977
469.08568 476.51042
496.34674 87.74781
432.58471 179.50186
800.91760 946.00990
52.52181 64.99109
184.29103 337.33938
131.14953 691.40106
849.41557 191.43289
59.18921 956.47559
199.20928 461.20939
262.26036 384.76259
243.85149 13.49171
596.14799 792.52416
199.44962 188.63893
237.77812 174.59715
110.82761 51.57446
170.47747 151.71423
829.07182 185.33404
12.04073 94.46197
909.26852 864.70247
107.91204 648.40415
403.87843 835.76582
214.47070 199.95725
44.66400 447.57671
360.06586 952.93611
453.92294 224.71252
831.21140 996.46191
349.47970 117.92445
229.29914 95.01704
722.66468 973.01888
532.07911 86.73012
734.74767 796.17360
360.17328 265.27732
440.49491 249.85135
421.33486 50.73411
180.03516 220.67554
142.50342 63.71518
338.91101 407.99424
161.22156 228.51263
583.92997 915.49268
741.23039 674.24304
436.18360 546.68597
671.53088 865.82012
151.27100 124.87540
253.35241 380.94380
1.00648 329.76409
670.09603 492.71196
760.36567 77.25687
371.76336 294.77065
540.90193 970.58111
292.09833 200.25140
237.21587 45.94616
639.42019 901.17899
900.65690 904.39594
645.73585 616.59127
72.90566 428.74050
326.19986 740.57195
860.72341 982.51676
370.85697 237.76977
824.89995 508.28547
621.77954 990.30704
517.17011 940.82044
69.23044 90.81611
400.30497 22.68929
798.94547 63.91671
343.48704 490.63358
40.57178 197.44697
328.50040 320.34654
322.49017 94.16948
436.84284 975.22783
5.71780 645.42346
96.13790 359.67336
867.02942 188.68502
962.43600 420.36387
884.60657 10.25177
779.62099 591.89635
485.40849 529.44627
321.07014 315.39833
834.19717 731.51713
409.21097 218.31200
685.69558 865.89762
103.07902 662.31604
801.76527 188.16089
265.06738 6.65549
638.99846 686.04018
89.13573 118.35341
651.85989 417.45902
740.13141 856.66180
178.15374 435.31943
430.01683 590.14657
664.34293 734.96582
491.27636 366.35163
231.60382 459.68174
750.59952 495.77802
44.20502 638.36183
385.31481 677.41795
820.26409 116.29223
975.41027 723.98911
801.35278 706.71666
816.14626 749.73532
593.32610 969.94427
270.93876 328.87479
142.37648 691.62454
737.43822 549.74295
418.52138 436.06472
929.67777 761.17530
842.14143 984.39646
378.26187 358.16634
661.57161 634.28186
435.51625 721.51164
129.35119 553.24640
488.76734 537.12225
796.28453 749.93687
540.16129 818.47048
158.76105 621.77901
327.86228 237.64831
877.97432 760.69719
426.21714 261.59526
979.57403 92.91248
74.04785 60.33502
900.24785 718.19063
285.15257 8.98321
380.13079 717.65453
160.38721 138.80257
691.40667 459.90396
861.74084 196.19415
218.27887 871.35678
252.07456 166.90872
148.83560 975.63665
721.65594 548.08017
162.33095 642.49237
719.93592 757.33440
141.88376 661.86249
709.64478 25.86852
890.95281 819.34916
702.68710 905.26055
90.60374 8.15364
466.19681 489.60199
48.19086 665.81074
761.51940 983.01747
51.39274 46.53100
144.67762 91.82585
960.74144 692.14466
828.34068 353.96020
363.20137 417.20724
68.08709 365.45808
281.19787 220.33137
579.98859 420.00528
201.77151 295.80404
290.60937 868.93491
43.03594 272.65771
822.24312 411.97780
181.18193 286.81028
368.15040 569.40370
582.49026 265.66760
975.74414 964.97366
6.41502 381.00361
600.95351 327.61602
787.47658 345.13702
937.62444 930.96869
238.67859 314.20810
70.35715 829.20748
807.78153 842.04042
313.16405 985.72778
636.93194 429.56612
443.85659 709.21469
363.39409 87.81215
799.41246 614.97953
446.42540 55.91278
103.93070 646.32536
342.64731 25.69386
471.69740 389.64936
719.24219 756.41446
859.74443 578.09856
449.44319 863.41723
966.60697 972.86468
36.04632 58.93316
952.57130 985.83120
12.03211 63.01692
670.88190 470.36904
762.73836 120.91949
336.82455 382.05028
852.18640 502.96154
319.20392 433.95825
445.52655 548.84372
378.09826 390.99665
280.02896 257.48432
562.92712 40.24436
260.28361 650.75933
492.06775 459.42022
81.41952 522.04783
194.68494 536.33672
296.10266 195.73296
100.08850 112.12772
680.95186 404.68685
880.66370 189.00818
634.62726 35.08349
918.26271 693.33143
332.74234 614.20061
178.08570 528.27855
60.30205 288.90734
436.54803 645.59561
373.07622 106.05212
336.37263 396.80334
472.97399 357.03672
919.39766 922.37681
97.93323 77.93193
104.55341 694.59662
51.86793 351.80423
242.25464 124.28534
330.26951 100.42052
231.73788 103.74616
482.78197 36.03925
316.84913 384.58400
833.03181 158.53395
56.86302 288.76318
103.07927 167.63295
108.91631 165.89301
491.69645 242.64877
876.24225 598.28201
260.36758 302.93109
57.43646 66.69245
430.70383 558.97181
13.80991 69.21198
803.04556 159.77965
296.57494 13.05580
971.80729 996.34913
153.22606 279.38870
102.10463 107.91966
3.39524 37.39265
755.27239 897.06489
968.17191 387.72028
108.84597 627.94548
251.92830 170.54660
464.29774 717.79529
742.85513 607.47390
244.32249 287.51753
103.88267 265.95702
856.17792 276.60253
279.53970 24.20461
561.15607 681.30379
84.96243 5.08734
62.08669 13.69700
504.53923 687.52564
428.59194 713.51539
377.33489 166.81647
430.61680 314.08277
525.29290 652.79883
315.13919 182.81661
485.66102 664.98494
895.93574 159.04985
819.37706 974.50597
37.65334 456.34046
636.99402 600.99019
108.56085 270.45196
445.34960 878.94103
61.18223 72.10687
141.90912 167.80167
458.54813 668.19709
320.42797 55.76828
740.77350 518.64518
340.70606 909.46098
934.91703 77.68307
133.60856 691.86092
42.38075 77.11716
493.38092 985.70132
103.71898 870.18050
88.48438 976.88842
370.17959 119.70599
841.40267 646.46946
37.35744 75.24912
966.60249 699.65625
433.31234 40.26285
425.54718 211.64866
147.89997 607.69429
462.87214 868.98327
112.88122 66.29747
379.47203 248.51953
819.41303 357.21844
8.15552 989.17703
67.04177 95.75860
449.36662 374.34434
478.75924 481.45518
777.30489 352.95347
436.69345 981.70782
114.71637 504.16608
886.89458 766.16008
949.61579 749.00324
276.68462 59.57129
48.02829 634.66891
498.40322 570.32009
681.07416 751.64924
38.28797 652.73097
141.90182 239.73141
983.06815 992.53914
906.83670 477.01212
85.41837 295.02192
691.85183 539.35299
320.54290 952.81877
73.47807 270.12883
832.23831 344.45811
136.59496 258.08528
327.23073 138.98534
115.13681 279.98885
24.23988 755.25019
119.33564 413.44124
115.27818 324.85802
146.17102 644.42953
141.36109 759.71500
337.24248 159.04620
797.13983 777.89879
40.20287 433.03865
39.64564 60.05436
754.42481 330.91975
848.46815 132.50831
23.56205 16.75366
29.65617 95.53533
895.57261 867.98579
415.26428 923.17927
332.94542 190.54659
664.13221 102.25339
76.31889 75.58254
305.58953 913.67192
133.42047 149.79677
388.43827 305.33621
475.38418 70.38196
174.13059 124.04087
753.46488 307.23982
547.38246 302.42381
979.95881 999.51441
413.38177 528.76410
645.24276 76.41772
600.36628 554.38829
342.16254 122.81542
461.39935 927.65465
971.15865 952.52130
471.07369 468.90015
578.01111 993.41830
843.24261 799.91412
640.04810 946.36852
207.94552 109.05101
250.67872 414.18625
33.96846 689.79430
252.41469 208.85702
631.02798 916.74949
193.21820 282.79102
166.48223 722.65743
151.92038 673.68325
115.05482 642.51230
499.13284 182.14127
497.48539 513.30660
564.36895 661.99847
54.28235 280.33121
696.32125 818.17262
454.79644 562.56204
968.49562 960.18478
695.38877 110.56979
606.57630 687.78853
113.59660 496.45847
699.80448 4.26079
299.08542 835.79468
540.52324 105.76113
933.62288 604.07084
136.06296 111.70195
179.92040 474.60236
73.57909 476.95926
900.01335 626.79228
970.66321 709.70549
23.64391 822.69182
72.97051 361.54267
130.07240 843.45185
65.57290 523.53671
408.39644 157.55167
346.15001 308.60360
860.54651 400.49530
78.18537 250.83653
304.26550 107.49945
32.98277 581.85366
904.02228 936.44577
680.45530 897.85522
578.51587 2.29730
106.16457 230.74973
223.41042 150.02459
615.53146 4.93297
79.70585 648.98878
242.83905 355.35948
822.80922 516.46799
494.08834 692.45138
732.42216 763.16232
276.07003 296.13790
190.87282 493.82813
297.74921 212.46608
355.15120 309.70360
854.72926 995.67704
749.04220 890.73431
14.97511 164.34557
719.85864 743.15190
637.99859 845.26532
959.45269 540.43790
555.90304 949.66938
269.30270 17.52878
335.38438 71.68688
60.48711 88.06293
75.06826 421.38227
246.83761 146.05288
28.29864 53.84248
184.99168 220.51123
710.10244 720.08773
698.90115 87.28160
102.92255 223.22435
234.37854 886.58816
880.53415 192.70386
777.07125 547.68449
741.38461 319.15345
132.01093 692.64737
539.04833 139.84596
881.72910 148.39099
166.04045 11.03325
428.12439 550.01779
429.46734 139.88317
273.92467 125.35334
937.15161 914.17798
884.70125 752.63431
235.89549 440.96936
573.60570 845.70308
359.85532 55.31216
902.18603 99.99269
973.27872 289.35985
587.78037 699.30927
654.27790 645.37835
603.93644 680.66353
420.06831 302.30150
385.72985 510.56838
555.03439 498.15682
411.87303 907.35022
960.45699 73.43415
84.39887 316.62133
501.46645 870.35710
12.76899 368.98978
868.04419 517.39834
447.83270 440.53640
564.12880 3.07279
450.95433 514.77084
245.80131 122.69516
766.45144 454.48814
985.02680 791.88819
839.15996 9.27401
884.33776 10.28075
169.82123 359.11498
415.80700 565.16754
401.63953 817.54941
383.91827 9.08317
821.12020 169.67239
404.18624 94.40475
15.02943 72.72443
668.17386 955.97455
47.55801 372.08374
876.26513 749.10872
140.78451 72.04496
40.13724 80.46778
438.09835 513.29285
166.62037 894.26332
405.21488 258.35707
489.65994 859.93472
95.91174 306.71136
562.41044 40.53880
55.53443 575.75869
340.38003 138.76750
698.27695 395.08491
259.78817 386.65802
264.03342 180.30109
524.35063 801.59220
983.02953 400.92455
734.78834 255.85032
70.22341 459.67829
45.03481 95.31183
299.02442 120.49480
876.33522 667.28338
829.92194 735.09433
829.70428 94.67284
465.45470 492.67962
640.01386 655.11008
754.01091 61.08870
900.84453 978.21977
463.32450 988.00819
324.76209 365.42200
972.69056 974.37801
808.07647 379.60237
535.20477 408.80313
738.53530 789.90039
224.34128 35.65624
696.00925 194.37496
12.28198 911.10355
411.86216 865.02967
679.49722 457.36376
152.47959 677.79331
156.32194 169.57319
462.79461 232.14028
508.57795 770.91195
321.78856 177.28850
488.43983 380.28186
232.26466 419.78507
634.14951 603.04008
996.65792 944.92248
801.59986 187.52847
197.70661 209.20030
904.91351 906.60620
408.23084 769.04962
984.24391 654.72945
922.94839 120.80358
317.44343 77.86205
804.52731 614.01731
53.65453 233.66187
41.05762 243.22784
112.36634 660.92422
900.54930 767.86260
976.95407 973.32387
45.72876 660.32448
725.73476 48.93327
195.71017 206.96206
520.32144 634.52831
788.73217 843.81857
271.77313 177.81276
776.33703 21.24250
78.10581 30.14503
917.08198 396.22344
562.93870 728.15514
144.63012 192.92119
112.43350 694.06491
5.16338 511.82909
374.54672 184.99279
820.86414 108.51782
66.71758 795.17576
50.65496 887.34950
54.35085 367.30663
673.06582 509.29810
166.52202 985.84480
818.14312 113.08239
232.24260 494.09188
22.28187 364.06194
228.77167 272.99688
368.52922 227.30612
821.81672 109.11349
437.09593 826.43253
209.07887 335.16184
869.91462 857.51286
137.15023 448.67708
443.72520 799.92531
733.73466 795.15337
932.02740 514.11696
861.88792 744.23445
512.18082 290.63566
239.58667 688.82375
974.68550 974.17841
743.31332 693.25328
171.73753 136.09346
193.24761 220.13979
222.02765 282.69217
629.48570 210.28711
51.40013 724.61498
183.40404 93.72345
13.98254 399.41684
833.92105 310.33484
152.25462 229.25950
307.06717 352.68717
770.50924 771.94836
228.23603 427.50227
806.98237 831.93334
430.81238 68.77548
809.26515 743.45939
566.56322 855.10667
930.29417 335.42534
722.11829 836.49778
153.93812 466.32407
463.47324 626.87875
803.42776 749.01504
452.62762 893.27787
418.41014 460.78274
171.38568 351.97784
606.06317 226.38551
854.06865 800.34656
905.54521 781.53567
752.40106 147.04886
358.94862 429.26995
821.66322 858.98471
527.14088 591.34455
647.90473 664.71059
548.81922 519.22180
203.94132 108.33914
497.15549 712.49321
965.07384 967.07755
225.95125 294.26941
563.76338 673.79663
665.98883 374.54536
163.21381 667.20583
752.10347 731.87871
312.85070 188.12240
978.55427 999.53017
947.02097 940.95467
309.79714 138.21886
351.37505 58.27317
446.09696 789.61810
326.19076 13.24439
448.22500 297.46929
191.42853 988.49037
869.88062 638.87474
359.55674 328.16567
525.53339 753.08378
903.51204 812.13844
359.42560 19.04040
352.38227 300.46849
975.51715 98.62508
359.82577 201.49046
404.96325 402.65920
884.10412 947.88450
236.21580 407.50842
562.45751 979.95859
457.73207 514.80674
640.62873 526.98125
886.12085 526.52874
243.21521 141.32378
588.98893 453.73824
217.43378 390.56401
966.92521 246.53681
402.71022 445.27500
705.55301 873.02313
156.07015 384.76314
465.45983 488.52544
155.80365 628.69413
51.44770 751.16530
428.77231 735.57246
428.98499 346.14700
793.47632 753.76903
73.86972 774.54695
233.16377 46.40642
144.80982 671.33203
771.70011 29.71138
489.39121 413.58975
240.57753 406.56376
97.98246 12.05327
893.36368 128.94944
242.42918 123.38781
574.54578 630.11717
903.46259 963.40523
324.66705 293.80437
572.57961 925.16916
70.37094 791.32461
857.77420 164.49866
387.13452 449.70151
688.11973 42.89246
124.94305 679.93285
808.42924 198.35786
608.83551 764.71580
870.41549 103.24714
283.35512 811.09052
135.54789 31.43074
329.78777 17.48487
660.68890 666.25756
191.02089 87.49380
497.97681 649.31896
132.01819 226.66013
939.29998 737.39880
134.85706 221.51971
33.45415 467.17183
452.51147 354.94052
117.36992 133.57957
683.53627 882.78188
771.17367 426.59857
827.54166 194.82849
929.92064 709.35277
204.21120 240.37902
537.94314 876.72800
398.71182 332.06623
155.70523 629.72019
571.83903 316.95740
457.76285 636.40749
969.90954 905.72137
294.31609 402.04408
572.28051 655.11735
174.38946 21.32001
483.96414 736.69706
77.59800 73.07576
567.57937 311.18254
969.10398 665.76649
405.85146 754.08810
174.07488 368.17023
724.58103 696.34546
370.73061 44.39566
864.05685 365.03168
820.79899 379.64146
691.49251 634.39874
984.65995 543.48984
565.86577 339.17047
4.07580 522.69937
705.22948 643.00399
6.95572 91.67924
422.74170 908.33415
819.20375 168.22736
211.53577 49.91849
673.49525 55.32730
373.85212 123.14520
867.03136 609.30654
856.46072 841.38161
111.96960 600.13809
431.47044 810.17312
61.01583 842.61920
73.12796 377.62593
435.36596 541.93682
899.63810 170.37949
903.57538 714.91260
759.29602 70.25901
99.20906 253.38555
93.20874 91.31641
863.69146 958.42013
730.22585 792.60467
457.04438 515.38985
744.61924 749.74185
632.47586 442.64971
205.46175 176.01872
939.71741 903.61855
3.72323 796.46868
508.81236 3.42997
512.83943 107.74748
781.04148 66.26217
289.60322 206.20357
301.01518 431.43363
90.63781 957.69093
906.38892 932.92642
108.20533 649.87387
193.81939 234.36934
280.19068 93.44554
347.95193 343.68278
661.77100 601.27349
960.25814 898.86793
594.42991 957.96810
52.00264 307.52453
188.96299 468.71617
83.02075 35.83413
541.09076 87.70636
813.47822 870.65660
109.07981 194.66599
63.67633 199.72651
522.73309 727.07005
4.69333 929.31362
244.73626 565.15012
558.87785 18.19105
253.80048 164.80328
186.32963 302.30349
286.54116 958.30359
227.17087 265.53010
119.96712 217.04892
38.62338 214.22567
63.01807 699.23046
64.65764 450.19845
854.81903 161.55164
520.64020 315.96407
320.27966 214.71601
812.88498 116.78537
915.68413 929.57970
275.87244 212.85566
175.96868 132.51496
233.50117 166.88730
68.04689 88.58926
161.03461 575.04568
366.37930 232.16677
748.83655 637.38175
192.29620 114.61610
911.10097 24.42505
818.36921 13.09547
714.20732 31.74296
984.89594 932.86632
195.29328 39.58361
840.25298 985.19107
963.40569 961.95330
96.00580 317.91783
69.23426 858.57906
46.39589 193.50351
143.01004 413.71964
32.89776 579.63499
886.43538 872.74221
815.06241 199.31455
110.95876 781.90177
974.63079 539.36413
474.44241 235.32690
448.83105 283.63192
200.93272 448.34527
156.48444 151.66358
256.12643 113.83169
519.60809 84.80306
349.32154 491.25193
909.73162 921.39364
71.80261 10.00347
533.51506 191.03876
895.20184 118.54952
545.83414 634.45297
72.35291 72.90235
81.56538 21.61068
892.88602 782.96984
927.03928 585.47703
78.67940 318.84078
856.99792 801.15951
171.41982 22.13823
867.45792 859.37504
672.46977 76.16517
353.57782 5.43029
853.43934 130.36582
813.34291 131.19396
610.17026 657.66031
524.57953 927.96226
508.16373 520.24482
381.72533 73.74571
24.11404 387.58066
737.83934 238.03617
776.21628 610.52703
326.82144 22.97320
45.53750 2.54660
42.49124 976.67736
213.28811 36.39968
635.40382 143.79962
158.32002 682.11574
91.99519 602.42056
852.84160 87.54718
449.60416 111.42738
789.76596 695.50462
932.42790 942.58002
137.89099 583.61856
811.03934 954.61759
823.80736 8.40790
392.57678 30.13462
817.74691 751.01620
414.60377 999.20064
757.76178 731.55768
572.61676 882.09268
335.08917 214.57068
139.72600 199.04809
80.70502 334.56586
105.14244 276.64505
737.20629 245.82641
43.99048 42.91988
484.51315 948.52968
309.17669 13.91608
345.96209 264.06950
945.16356 559.82840
370.38641 348.90266
893.30324 147.58646
863.87512 389.73988
23.70532 312.27997
516.21433 314.14879
273.16438 372.66806
73.94199 31.04516
48.61113 865.42732
555.25302 104.72126
468.41273 932.18228
450.22348 966.06162
408.61421 966.93116
778.68247 73.68458
280.69646 301.80888
915.22820 915.60539
45.30682 777.47408
649.43523 618.29538
473.01072 879.78718
873.68769 66.42786
31.63674 748.99152
549.19414 92.96734
29.98341 202.54623
427.68394 307.17956
334.05257 648.00842
69.86525 1.25806
818.18819 620.05567
143.06296 168.10002
643.03316 602.39065
261.49565 145.06026
956.08896 503.34779
895.97453 702.73935
337.51687 23.42021
844.35735 169.73137
669.92865 693.84429
131.21216 344.88580
139.36873 620.49385
259.19918 153.51133
631.15540 832.79884
248.12597 149.10011
262.25952 34.08753
71.20575 668.62749
507.67347 855.59579
721.85377 713.63613
105.66740 686.53878
884.79476 929.65016
100.26044 616.79776
636.80744 143.79680
453.38016 778.72156
864.59396 104.06754
82.02427 439.65084
37.56377 15.43364
108.15236 1.85205
182.80516 345.81721
973.27608 990.64651
802.76449 126.68512
66.19386 593.85105
150.16410 458.75429
365.98529 494.32847
308.15556 24.44591
279.55470 320.12757
139.06941 620.93948
838.25893 122.05979
968.30843 995.51384
199.37732 390.06099
158.08603 756.29169
945.47771 947.48052
449.37309 783.42583
270.11348 136.41680
624.15333 545.01400
846.49976 376.82419
217.34701 723.90085
14.65668 24.81821
123.75594 762.14161
49.01536 69.09127
392.67667 146.91758
66.26159 286.66174
45.09801 973.42500
128.13516 482.96456
422.68493 81.62083
251.87537 16.47861
254.52180 176.97322
816.53727 123.14930
556.63663 438.62467
119.66351 474.32955
741.39117 50.20356
894.64918 339.45077
701.11442 130.04551
525.70962 681.10943
487.37607 162.41438
289.65718 146.94901
629.66924 44.93378
132.66798 648.57666
689.86127 814.13101
302.28822 81.62561
780.45055 612.12647
161.57731 609.96557
434.86480 556.00072
399.44236 80.69935
885.90718 168.48394
131.22638 628.51911
177.18862 452.48402
368.65710 342.98858
871.58769 459.93175
988.87723 871.17925
323.76104 836.52518
493.74562 490.62076
80.42377 329.98532
295.53476 628.75073
48.83826 12.40761
31.47011 793.62754
17.45411 390.11701
298.30023 135.73361
473.97312 590.62768
884.21560 146.80658
457.97377 974.10839
135.59861 370.56308
14.13140 129.03073
852.87303 459.23412
992.05218 992.98317
772.59081 797.63192
828.15203 61.77697
956.47823 953.62382
486.58008 42.01845
355.68029 191.91897
348.85549 444.74643
912.34738 452.55404
760.82732 627.47374
298.82642 730.63161
272.39354 247.76487
1.12093 304.31707
910.76881 503.82939
882.73802 182.79355
87.21911 860.60257
356.03436 154.06421
352.40772 768.37950
383.96633 692.14122
859.90767 985.52485
316.41768 348.68937
856.53419 158.32912
406.01792 167.71344
113.48655 250.00115
433.57494 452.32015
816.40129 835.13744
46.14968 587.24553
98.44342 479.15382
352.03081 383.04033
977.82459 999.15166
48.71265 596.26893
488.91166 193.74691
56.59509 252.91053
965.60329 912.92508
439.59479 283.41602
730.78468 760.97383
992.10034 799.72415
592.43631 99.27086
340.57713 47.32860
74.67628 548.02855
288.14846 131.93540
496.62392 603.35110
587.67710 636.08180
26.79616 538.26427
291.71801 423.60578
664.42533 254.70633
406.70510 859.52726
902.82861 568.74281
452.92451 548.86949
128.80169 128.05242
352.54756 809.57867
297.55943 317.01517
872.60417 167.05899
22.59607 548.24592
775.16988 566.00132
972.84031 960.21479
203.49689 33.62535
982.70134 2.35600
525.76935 400.89376
798.35846 950.29217
999.61202 595.65779
273.10894 143.08626
783.29989 820.61055
108.48281 535.10462
25.11949 243.74209
983.27560 881.45639
298.57339 326.14888
571.84749 604.84443
903.76530 407.81452
230.41144 128.43711
985.10665 908.71318
871.70336 869.28163
500.62743 97.84341
488.40693 159.06343
296.27739 536.27408
833.53099 170.46870
70.95811 601.93752
164.59984 654.02937
425.46898 876.86194
385.89908 298.37179
175.51546 845.64087
872.21570 268.07205
417.37523 405.93965
186.85281 212.68660
283.47417 554.01678
406.17824 877.00367
319.93620 145.62781
5.24679 230.28556
542.82266 27.26169
141.25670 419.46721
822.69312 141.15684
104.37367 164.17992
203.23074 84.42389
63.78470 224.47111
87.58850 162.84806
971.32517 39.19600
284.88172 103.14153
448.47875 972.37336
214.35485 266.09479
494.06178 338.84703
278.22712 318.87532
131.99279 646.74807
166.42267 457.64172
878.41136 624.93851
281.92149 668.72991
118.79131 98.19272
347.23531 318.11396
317.06148 240.33825
821.12162 980.02566
801.28914 317.45308
798.28936 999.50773
566.39096 623.76249
267.02076 235.31950
308.47505 559.98313
900.68808 953.91552
93.96920 19.05592
974.97793 624.40319
513.12208 556.11988
799.48534 742.96799
144.17378 115.35512
74.62968 791.09809
453.65108 465.80973
192.43450 393.58657
48.60192 20.12259
165.50008 324.99502
260.99013 9.49075
394.42396 76.33140
313.54349 594.05823
902.94109 330.00810
225.29775 132.62618
573.64720 570.13792
766.30379 3.67865
162.15773 659.23329
912.02668 907.76112
392.02044 92.53160
496.94731 730.58257
89.28457 833.12019
358.64332 33.78746
358.99888 741.02381
782.87285 748.31279
863.79315 750.42180
932.37548 916.73840
29.57466 167.45551
388.16300 491.35303
558.44812 229.86028
732.06538 66.83311
604.77586 494.60126
454.03082 619.99827
242.18751 110.01812
460.07450 465.15969
778.44051 591.56884
485.32450 948.02942
280.81568 131.63479
652.05008 682.12783
361.23979 472.62648
265.75586 304.91757
890.27758 766.28895
398.25802 850.52601
63.69847 398.55620
361.98734 6.18356
372.53139 464.54893
138.87558 824.77778
355.16871 78.30061
396.68880 107.88106
409.94654 747.68501
770.47506 33.54842
460.13198 423.35426
73.50256 84.58166
279.83844 81.13698
659.82014 771.36789
771.61202 581.86902
269.38213 273.98707
561.13570 523.61719
118.64223 369.57218
261.79007 246.92405
114.46519 664.06158
292.74708 279.16270
285.96528 553.40818
592.79767 84.48055
275.99114 335.09086
230.84130 158.33253
833.48352 95.36993
117.95945 173.54123
344.25584 312.71599
993.45915 803.68128
206.55672 849.16091
968.00733 408.31136
228.98853 56.89717
461.75699 592.03844
151.24934 624.04856
889.08861 879.56643
119.18692 589.47752
624.84362 925.13124
478.46982 308.41468
315.39573 765.35452
462.35411 874.42392
667.73326 950.21333
432.33111 751.43412
110.66099 671.14795
170.19703 307.83706
66.91831 106.70427
331.86571 719.21666
217.24716 343.21586
668.61245 324.39788
150.05941 635.30169
220.52564 262.67936
102.23790 545.35768
576.69949 584.10961
224.94964 655.82837
228.91594 277.58810
36.88194 945.81039
842.86389 612.89772
441.12359 814.86695
193.28268 311.29719
440.85885 745.44774
576.59158 364.31078
531.94885 456.55838
37.99363 348.26977
120.98691 680.23729
497.53608 755.65836
577.24991 707.22453
336.93029 88.47051
51.75683 662.77267
10.81719 758.30517
105.53123 680.57271
801.03995 195.81666
906.96999 936.57276
757.02735 641.15923
988.25926 981.68782
778.40298 596.23521
868.16104 180.07576
580.48323 228.41686
516.45018 650.34134
308.94148 214.11716
89.28978 16.09584
18.11421 159.12031
963.46018 960.24951
999.76075 995.59452
256.84986 619.70019
699.82426 897.13164
877.71296 117.66686
130.20094 97.46165
714.07248 517.70824
419.03240 92.25046
52.89183 570.73265
498.07470 718.98690
592.81398 959.32880
42.01652 747.95974
157.56562 255.24640
351.22890 407.35704
971.65824 543.17830
316.19868 678.35976
472.66531 154.88588
579.60865 448.33806
291.28056 216.12035
306.74109 92.78582
354.58255 252.42428
121.03671 359.73069
137.79799 688.89772
580.88593 605.60018
376.01963 35.97295
795.32589 365.34343
344.72535 214.33279
405.82926 405.94218
313.16191 460.93559
160.07690 642.31341
406.77800 34.19007
716.68145 636.41799
875.57867 534.33912
891.57343 883.80663
38.68568 369.00510
98.31676 967.01112
935.82873 18.53687
127.96436 62.21394
60.11743 31.07785
461.52018 172.54866
334.81996 430.91753
524.02998 609.45514
587.05452 568.16172
388.11743 120.78631
211.91977 63.16066
750.83483 343.41446
872.16409 158.03354
100.90152 133.21259
112.44723 692.68396
628.41915 74.34458
387.15943 363.95793
89.53302 911.48945
496.19404 744.61455
410.07295 621.26176
288.97340 121.47026
996.94794 896.72167
651.94950 323.72548
475.40586 368.09917
981.58644 792.42775
196.91702 218.36259
93.73074 833.95593
23.62450 699.08643
415.46208 189.65552
219.29307 88.16571
430.39458 984.47023
164.70403 278.11981
941.17000 749.42147
333.25141 350.37733
864.31317 885.74422
36.97873 520.36400
8.32394 827.12663
273.99152 386.56215
901.07401 896.97521
600.09678 992.41761
754.10117 356.07366
778.65430 224.96359
354.38169 88.57377
841.27576 854.97974
359.07595 366.31933
484.30173 62.38792
115.13973 645.26293
181.87886 751.05783
407.68059 683.11154
871.41226 147.17892
417.34184 169.44444
26.62236 230.27821
844.31937 150.32266
465.84249 735.85690
114.27689 626.49455
290.16459 101.51436
240.12594 834.77061
941.06045 917.56817
15.47282 424.46934
434.40633 416.48871
373.12694 369.17579
346.21665 624.27973
192.97815 906.29446
158.81012 474.11238
848.06677 198.14300
147.43965 248.06393
777.15205 308.39769
336.23503 339.52136
844.46933 166.60113
294.26243 431.22190
157.27649 172.69446
368.02621 52.30678
957.38115 864.81759
992.76943 823.88712
321.26667 891.75685
543.99779 470.98939
76.17222 524.35399
931.36173 414.77910
68.71450 567.39216
243.67884 308.99548
293.93650 412.97980
329.70989 35.52347
872.58638 433.92588
477.09434 904.80483
656.86692 626.76692
426.16796 260.83228
142.22541 73.28306
978.79661 724.19735
33.72478 28.25463
243.33045 485.74214
118.55851 684.99830
142.06066 268.30272
404.50819 32.34696
976.83237 999.05837
608.57802 377.57217
108.86265 377.23200
477.13864 288.38157
406.46357 567.23878
362.70416 397.28147
333.75175 145.40653
425.13938 283.57454
987.39934 444.92238
287.45308 137.82493
384.50031 118.79819
545.20802 856.76392
149.36705 519.15898
367.67616 482.39477
371.58532 659.59611
246.00487 574.21569
595.94331 242.23058
243.83934 258.72235
157.27662 619.53201
799.83616 718.82001
777.52795 763.41776
376.75409 723.32355
674.86402 698.57668
383.44985 6.75484
162.99115 123.20774
272.16580 81.42789
880.93827 798.74085
867.46417 45.49034
505.48018 259.99022
151.45658 151.13802
312.14488 189.89851
659.84817 490.99940
241.00488 264.12525
583.47667 20.40942
37.10770 415.07758
268.47208 182.25221
922.68708 688.89222
259.22849 870.15439
380.36855 494.85236
223.96479 150.47311
93.85712 548.13818
516.22411 202.73606
716.05788 443.00355
619.72526 641.33338
804.89887 407.50791
240.27844 67.87524
760.24384 380.97174
247.74669 141.02189
673.70741 413.20650
265.70671 308.99147
904.15655 905.24410
736.46716 751.24205
758.53210 751.20724
494.62683 920.52512
10.42529 219.09791
304.98843 224.26960
155.01097 633.32180
125.73342 631.36360
437.11745 872.77473
929.86670 772.96687
815.42657 191.66676
801.12065 401.67947
655.34526 667.66658
275.65721 153.62998
849.75135 154.41026
100.76294 641.13034
155.61372 699.66694
467.43247 241.29733
732.71233 791.49279
406.49119 77.58287
181.59502 247.54982
617.93054 356.33176
456.75314 921.89925
556.63569 767.92643
241.11950 347.31370
95.91068 143.39305
15.13512 118.64688
55.74216 19.57139
966.71922 971.14557
356.85660 914.60606
173.19990 48.32347
631.17196 583.94761
877.14059 538.23115
565.93734 951.59355
740.72007 346.15352
665.43572 735.19795
384.12806 409.30662
281.99422 402.31121
287.70568 578.24104
687.05419 32.36978
416.49088 688.97582
147.58999 605.05566
499.99680 767.67326
968.48839 137.41706
966.40044 989.48263
878.80614 162.42452
458.95639 722.83786
467.34910 255.89423
340.58911 19.59170
388.62107 155.95671
253.37957 164.74053
393.63223 84.66173
826.39205 736.75670
65.26200 89.22474
389.02401 182.62248
866.88512 825.01182
643.73372 232.06095
422.33171 491.10513
122.62850 366.39718
248.01667 153.56234
800.16143 978.85636
457.30174 45.77677
316.90261 8.29867
454.30293 565.49408
750.31083 520.95631
224.71821 188.26425
666.59822 472.09500
150.20383 267.44511
565.75975 787.86123
46.76355 354.92479
120.93468 172.11922
887.05078 177.87033
852.63462 101.46287
94.92440 352.24882
635.61886 917.77375
815.50841 159.83491
926.45315 905.31135
223.29002 230.60348
28.83496 82.22311
259.54846 395.06926
696.81240 13.44263
112.34834 824.96438
40.90966 263.94201
439.21512 503.67067
699.77133 854.26929
441.04184 558.14687
148.22424 641.64084
373.64192 172.38178
918.11719 934.70897
142.98824 686.24019
917.31143 948.51169
562.39613 576.72088
152.83830 115.89753
978.05055 810.07262
658.02188 809.96313
698.52150 604.37208
840.69509 190.71081
858.54565 284.28792
822.28243 674.99613
452.65842 622.62840
247.21342 110.81748
686.98452 706.60135
866.26194 847.11556
284.51431 837.61932
575.62156 854.12789
565.36743 544.65078
147.19479 126.76665
709.00061 758.84643
834.81972 122.40514
140.80667 262.91193
259.29138 218.11951
823.16499 703.01899
336.67142 412.20341
392.29809 481.85981
459.97577 702.63610
144.05361 668.85698
54.41954 93.71078
94.87940 22.43036
659.40657 469.24817
40.96135 68.29987
592.11524 796.68887
219.06300 216.35476
393.55885 29.19507
973.91257 260.68369
97.44213 54.55040
839.77740 468.55045
841.48476 378.22515
594.93321 677.91698
859.18751 190.23338
261.38639 202.04277
8.84307 704.92993
61.77020 525.30053
911.40048 770.77796
104.11842 207.76299
108.73148 143.00546
449.19730 185.79477
78.77964 944.06185
458.52019 447.60706
156.78777 247.92646
76.27087 978.29068
172.10625 529.19331
596.33588 793.51024
873.39180 147.49021
227.83341 97.72878
349.11162 379.54213
324.27854 258.94080
156.38640 676.12729
275.91008 290.75538
428.50099 438.63035
246.51028 275.70748
284.60066 127.58885
872.82913 934.61387
385.64141 367.62173
471.29130 223.65199
265.75959 519.28060
52.91497 495.57735
186.92719 43.74953
99.42429 994.91453
70.54878 60.60678
523.50640 167.41656
450.48255 731.37117
727.75430 352.95216
482.32115 959.59084
423.29871 417.49008
326.67584 252.58646
796.33113 956.68338
275.06103 117.47775
555.23446 833.72353
931.12099 925.11714
490.03230 445.78932
946.50256 901.03898
277.65929 118.67300
26.96549 364.30788
808.57616 954.10175
587.20563 267.28953
424.49778 234.27111
51.12520 336.65728
572.50570 850.63161
240.31285 78.74268
935.78119 728.11688
294.50154 337.86294
857.29385 116.36223
961.88557 424.47511
947.19012 816.42724
560.44430 21.19458
432.99147 225.96312
602.59956 610.17177
324.91098 682.48518
277.63235 195.30571
796.14533 555.75273
203.49987 29.91232
701.20766 612.98932
714.81183 795.35773
443.91490 980.41377
929.36831 706.99495
890.55560 961.50040
743.83912 344.57049
355.03604 109.80346
670.06582 16.66274
125.27262 648.68877
226.15405 188.26453
841.93256 128.68783
99.89623 373.01775
556.06458 65.28300
465.50057 642.01117
735.42947 714.36946
251.00935 454.39201
405.90277 588.89499
208.90335 53.02971
118.21171 209.17202
505.60944 189.47349
480.54107 616.95713
426.50209 222.19146
906.53770 936.62399
881.90961 160.30264
35.20670 447.94617
180.48333 302.85458
476.98060 898.41206
860.36035 318.87035
497.75561 223.66829
818.09605 133.35690
267.87746 353.63792
110.47440 778.48768
332.45734 97.26461
257.94026 439.33404
170.06614 427.44618
490.72242 44.76657
347.08914 358.11952
149.91295 671.99744
118.72383 118.86812
591.02346 610.75155
143.76011 270.42194
825.47871 161.99242
355.47919 77.02971
379.22154 11.59690
278.00327 76.15491
573.66123 930.77813
461.24350 742.30509
694.31170 714.01001
160.46187 291.60762
654.32327 35.39839
482.34978 90.77057
245.74597 548.63666
478.37998 421.87779
215.57845 42.56686
451.66881 673.07195
84.44279 165.55269
590.06558 204.21372
318.80265 4.72835
312.95858 198.29639
73.67205 177.73046
921.79993 67.09213
710.80637 504.00683
288.72497 522.96507
34.16202 397.77032
277.57037 966.55457
675.88931 639.12224
525.89477 392.15435
126.81961 351.52755
611.58591 26.82448
282.59508 88.54720
852.48626 238.96990
754.97668 710.29373
68.26189 44.07766
163.88646 607.64361
439.84521 438.56354
961.16217 736.97349
297.66183 123.31501
474.95198 867.41355
890.58273 133.89466
237.46530 945.10513
949.73354 375.98988
124.96880 602.86759
358.32494 42.26058
865.10119 837.49119
355.24114 380.76022
388.12814 789.42250
457.12649 127.10641
354.91693 346.81889
854.01616 949.45700
115.10778 670.63131
788.11983 795.04035
273.87641 402.20615
469.29467 590.95552
819.02751 805.17193
298.49971 215.71316
137.52932 93.74954
812.45419 166.25036
196.71032 227.69996
361.59449 952.32121
12.20562 124.97711
160.93166 224.27893
311.10500 604.43191
427.44684 184.15706
369.48505 862.66955
411.77406 495.17627
122.12315 299.75056
394.33576 632.63653
942.08335 620.44760
990.09117 965.86953
984.37712 614.80114
129.54461 118.68342
230.92371 623.26521
451.01193 503.39001
178.96063 303.98041
660.36311 312.73977
594.29130 145.46960
383.28156 315.36640
371.77400 69.53464
28.35347 93.27935
602.59042 951.40813
162.30872 514.44985
458.88390 302.03293
106.64777 266.80579
328.28886 244.10400
14.58388 122.88519
570.49199 39.43129
904.50016 897.05827
106.61795 239.67926
94.67552 367.22062
707.09115 326.97690
975.34320 377.15912
963.19580 953.39765
471.75958 342.25690
163.97519 662.62999
94.46064 557.65167
981.73814 68.88360
803.74158 135.20694
982.01181 951.08533
28.60011 512.55885
934.71520 406.85995
201.92016 426.70206
997.01273 938.94386
459.50124 72.95147
396.15009 244.23081
569.10062 973.04255
10.84986 374.03806
140.87247 158.72470
990.45068 753.28101
695.97172 124.92371
907.43739 659.85063
272.69689 334.20053
844.31932 422.29942
147.13459 184.66107
41.61243 397.37247
225.52276 275.22093
444.52930 461.84439
830.69667 452.36953
280.22419 211.28645
976.69020 952.70306
442.75838 320.87007
328.42908 299.54630
139.03398 272.69951
43.87127 30.60280
271.23210 161.76979
368.68427 307.96497
87.61218 87.57524
932.65060 83.35143
260.85025 119.71962
804.71715 133.74360
833.01090 156.82795
867.56947 100.82913
506.01394 959.36909
958.74856 420.67253
71.92728 788.78195
419.44133 517.76157
88.62404 875.49276
857.51686 179.70012
893.24328 969.66219
17.93879 755.69720
113.04544 177.42131
615.02617 625.41449
271.19321 210.67920
891.55344 820.18366
438.86380 202.84215
641.21584 522.00569
362.25683 298.49021
878.35860 778.77344
117.19296 506.60432
235.47591 196.44295
872.15706 585.40934
954.47304 958.42534
772.22598 495.16392
191.69823 491.32864
147.62779 42.38105
7.16993 597.41600
889.77254 14.67709
453.14686 480.41346
218.49627 139.09293
54.07682 209.79984
716.42951 36.18891
34.58397 684.62762
63.06429 359.77808
845.83075 169.87722
277.66218 17.39266
762.07912 596.03657
119.22386 477.48652
108.44098 811.85378
873.93462 295.94752
474.40071 178.18900
584.57327 993.18833
61.61352 406.57889
233.15463 21.80774
458.89538 477.89115
379.36275 38.04140
36.26101 124.43516
115.48879 609.33247
339.09217 280.13503
62.92974 566.34289
718.87745 420.63611
229.10391 1.55766
279.58873 24.29543
423.00391 60.80344
40.25835 128.36346
184.42012 285.31606
663.57300 833.22776
422.29556 835.25410
63.56036 418.76459
925.74296 588.79772
947.80477 902.26600
448.40108 509.30760
274.94771 243.84304
340.36356 426.96803
922.12576 307.26614
839.91863 308.04284
423.81485 458.02199
596.61080 644.26715
980.39698 909.08381
750.35758 622.68366
548.41836 501.12059
215.65335 920.66357
814.55897 142.72617
248.51040 155.43477
140.03613 212.59711
413.37724 945.12521
572.88178 824.51563
278.73071 325.25762
627.00579 516.74432
236.31584 324.97856
435.20318 859.94541
355.81229 66.13342
21.08178 32.83160
982.41799 726.76270
254.15506 802.82057
524.62060 728.45275
710.09896 467.48818
120.22956 445.55992
232.35530 236.20025
46.06102 220.10480
284.60857 762.21608
376.86707 311.06822
63.91105 298.11610
621.72770 334.27997
883.08132 85.30883
1.29075 326.95664
191.51719 357.30817
205.14375 558.60872
128.51560 389.54472
816.05665 711.80309
239.16916 722.07396
328.08935 200.04195
820.52266 809.43994
50.43639 670.96769
945.42446 588.58943
119.15233 679.24704
413.28711 451.31357
860.16129 123.65188
370.66304 80.72915
5.03054 941.90164
139.10090 677.38969
440.20767 850.57957
269.57041 7.70005
45.64475 98.57005
545.88162 687.99738
402.15464 477.64232
109.99317 107.87536
376.97792 37.68692
559.27424 509.81265
897.75997 115.51878
581.25769 148.65602
50.23094 53.34934
504.61766 563.43449
248.98349 432.65701
941.85376 799.40798
123.37247 46.56656
187.94304 152.39453
522.29295 562.68743
951.26488 127.73421
77.59959 35.86754
805.94154 395.97053
716.23246 757.83970
245.16809 28.85505
291.06872 403.60051
368.95375 331.40286
449.32016 479.50475
30.00243 78.60304
481.99082 883.72494
814.84092 618.13908
523.96415 794.63469
801.02023 183.73660
285.10016 230.96246
371.83929 40.98837
395.38615 361.72612
833.27157 905.73799
892.04427 40.15748
448.72074 514.41298
641.82957 672.76722
948.25143 542.41380
284.85182 587.13414
70.76355 65.47973
210.80812 149.27419
159.37144 645.00836
34.99719 439.84184
625.12404 598.51190
306.23437 330.91748
906.12435 565.45804
132.63550 306.19204
139.44540 626.92633
744.29799 939.81409
336.52802 984.85656
750.04395 110.98197
418.46296 605.90438
661.14018 189.02664
514.01007 977.52818
258.63377 61.50494
621.86294 938.93062
685.56221 852.92954
509.24449 403.03673
995.99174 965.34580
41.35172 181.39484
113.34281 197.65103
52.79946 892.16090
75.73475 98.12512
847.75301 830.30147
224.73604 209.48219
5.30074 987.45505
876.81805 169.30969
953.16821 754.16835
494.07026 525.23752
731.07319 818.46601
204.36370 471.24682
344.14364 159.33243
140.79391 660.25906
224.45109 394.48191
138.27507 246.25145
153.09410 254.73995
692.89714 49.03528
966.54414 309.40076
207.15877 341.71983
77.41353 540.72279
270.74624 261.67993
857.31160 909.84493
101.72739 119.46116
1.07821 456.59148
161.09770 617.54070
1.90855 31.76543
648.68220 647.05570
237.29787 129.83248
838.27680 104.86362
905.24612 921.46919
720.23891 887.55305
491.00871 427.26793
892.50522 167.30088
738.66638 765.21002
142.99295 688.87530
718.43710 815.26413
300.34028 306.52037
556.80342 904.73379
923.04398 271.90375
183.52185 253.26488
406.73187 431.80004
175.47387 171.08619
764.46635 626.62205
50.16500 238.22474
188.07985 280.57088
528.39900 811.41144
452.98159 854.45096
721.10564 738.49295
341.20593 462.16291
325.95772 794.65544
736.39329 716.84537
821.48245 733.37138
905.35623 942.39703
805.44847 133.78666
758.74961 75.42029
355.58089 228.12573
379.59770 640.06727
719.70641 912.26137
148.55060 329.78933
563.45442 974.55957
553.30884 467.87191
36.10102 136.50607
236.80608 217.40551
62.04732 490.68817
362.66860 112.08806
144.23355 908.92757
338.50251 252.30916
496.19528 750.75716
336.56247 256.84120
782.29627 531.50984
854.88879 934.18634
99.04181 168.67966
395.76743 735.60344
909.90229 700.84650
294.89211 174.61072
30.32614 438.39813
62.13641 333.48946
322.94685 245.24124
184.02853 366.23367
487.74359 182.90621
467.55228 624.74804
421.99613 460.99023
827.18968 122.35097
970.04915 79.33941
576.23781 723.76988
458.31102 58.61163
679.73193 620.86281
841.88988 184.12162
123.43239 615.85716
692.90141 655.33348
796.29916 180.97973
371.54830 233.19028
913.75832 956.88546
915.13946 745.19406
283.87427 302.55672
309.73362 59.22027
665.13995 675.35923
879.17671 364.44269
460.18140 519.89219
220.13812 459.97991
80.25827 295.98496
66.29781 435.32435
975.74496 520.45531
869.48560 147.10751
850.83372 760.90506
447.92039 511.46561
382.61123 350.80614
160.81970 683.26353
235.31271 49.80833
282.37175 325.09034
300.66916 304.37886
276.26463 146.39819
170.67952 240.85220
281.99114 269.35897
573.30034 979.47256
606.23967 784.93531
168.74860 931.15865
106.61192 273.95309
940.27672 464.11660
342.02264 65.15144
155.87557 630.09456
957.17058 795.22509
317.50694 56.35556
867.39322 472.12681
144.26255 193.08150
557.21847 905.47117
247.31508 401.17008
811.45922 372.02865
153.00770 493.03971
339.65208 425.27438
274.68828 288.57230
125.49888 61.87060
128.86024 600.31406
322.50053 32.43321
28.92439 50.95447
132.88979 611.48919
101.48884 634.04272
142.54647 402.42489
114.80671 605.88284
415.34594 445.30825
908.62746 736.37632
154.10494 328.01328
560.91818 811.51080
825.24562 166.87010
137.41362 950.44981
76.40929 82.57350
733.19055 746.28046
418.86479 300.41497
443.63413 791.71447
29.33247 366.48377
452.48721 517.94150
724.45947 894.50098
387.74087 244.97082
254.89402 170.59373
164.11656 661.57603
472.54121 975.26249
949.56116 940.50986
930.84708 305.30090
147.74578 267.53675
776.95409 791.53959
820.12046 183.44690
282.53943 123.36185
333.56833 120.42445
311.90722 198.39354
209.57456 143.09307
131.14850 314.64202
2992
2008
