100 7
1.00000 26.00791
1.00000 25.20893
1.00000 5.62261
1.00000 18.98804
1.00000 14.52653
1.00000 11.97894
1.00000 19.08061
1.00000 14.50277
1.00000 27.33239
1.00000 24.72319
1.00000 27.16749
1.00000 24.62314
1.00000 19.04022
1.00000 2.45359
1.00000 26.81957
1.00000 24.64737
1.00000 15.02615
1.00000 27.62153
1.00000 27.82544
1.00000 27.47517
1.00000 2.53595
1.00000 12.31209
1.00000 7.88716
1.00000 28.49275
1.00000 24.14021
1.00000 28.16197
1.00000 26.95044
1.00000 1.87783
1.00000 6.68891
1.00000 26.23676
1.00000 14.31653
1.00000 25.52473
1.00000 17.47079
1.00000 17.50387
1.00000 14.75167
1.00000 8.75934
1.00000 5.83097
1.00000 24.66865
1.00000 24.07945
1.00000 25.22486
1.00000 18.10740
1.00000 24.99665
1.00000 13.04925
1.00000 26.19449
1.00000 25.82131
1.00000 7.87637
1.00000 24.24721
1.00000 28.12657
1.00000 13.07749
1.00000 20.52648
1.00000 1.65168
1.00000 25.74778
1.00000 25.87740
1.00000 10.98883
1.00000 27.40358
1.00000 9.63002
1.00000 12.99485
1.00000 14.13868
1.00000 19.47788
1.00000 24.09907
1.00000 6.67246
1.00000 24.79729
1.00000 28.79379
1.00000 8.65248
1.00000 18.42224
1.00000 26.25010
1.00000 25.97613
1.00000 20.01212
1.00000 24.79682
1.00000 22.12818
1.00000 17.73748
1.00000 24.24215
1.00000 25.86317
1.00000 26.05711
1.00000 2.08948
1.00000 24.68107
1.00000 18.85000
1.00000 27.58077
1.00000 15.01399
1.00000 24.81814
1.00000 5.54680
1.00000 20.93288
1.00000 18.32325
1.00000 19.80231
1.00000 19.50586
1.00000 18.13599
1.00000 1.88245
1.00000 13.36935
1.00000 22.50800
1.00000 13.30520
1.00000 10.53469
1.00000 26.98774
1.00000 24.19228
1.00000 4.51561
1.00000 28.52340
1.00000 26.72520
1.00000 13.07449
1.00000 26.20750
1.00000 23.94136
1.00000 19.31077
17
15
2
29
14
20
3
