30 4
1.59920 10.90627
17.72880 36.30589
30.52428 46.35028
7.15530 7.50558
21.10430 22.48526
19.85313 39.92812
5.29385 29.99781
38.64214 15.04448
4.22719 39.71868
35.47365 10.27049
32.78816 10.65592
40.84775 49.77536
47.78270 22.07926
17.86892 4.84873
24.12761 14.00043
28.76596 28.70677
16.61460 34.33162
16.32424 38.21767
9.33852 40.25313
13.44174 7.55844
18.87613 3.11461
39.65626 11.76159
18.85992 49.23028
4.07285 41.82608
4.31985 5.61742
24.62341 22.79280
10.13215 35.98465
38.11225 9.06413
14.59323 47.20664
17.12138 4.89048
5
3
12
10
