500 22
171.57640 838.02591
494.55367 99.31202
49.04089 217.33219
359.74930 97.18729
796.29295 614.62530
944.93024 616.47432
618.14439 741.33991
396.52930 410.57577
506.75626 130.60016
784.16030 614.84088
377.03371 924.39272
418.79434 827.32456
541.25489 472.12109
543.93574 471.34458
598.74794 484.15351
259.11774 431.99227
571.09439 151.63378
803.37723 32.34459
164.23607 420.85991
625.29644 969.88280
261.39239 137.38852
731.53050 571.72737
913.05769 235.98576
189.15455 915.13240
935.95507 715.04943
612.47127 557.11678
89.23919 238.60730
899.45145 782.20755
547.27151 470.56311
132.50414 654.50093
910.84561 235.82485
280.59872 121.57683
660.49737 855.89336
578.25023 586.27175
878.58896 243.21656
683.30122 948.79471
781.50011 614.55832
389.93258 837.72768
824.66368 148.44637
861.21520 701.86010
515.50792 799.38424
746.98905 112.81378
221.02736 25.51820
909.32986 355.71201
535.64080 37.00802
858.84721 260.76237
499.93890 68.67558
339.81898 121.63731
874.68247 896.57781
294.83911 535.52431
743.15493 593.55939
346.62372 347.58965
281.95848 418.58747
263.11837 522.96264
829.57838 146.32739
650.52401 242.51723
742.39880 517.46263
482.06581 871.85838
849.63735 54.11975
788.33074 495.05588
591.99558 950.97915
598.66263 484.07915
240.62220 361.31723
966.50319 307.15388
444.12128 758.47662
70.33972 689.40208
947.80816 340.27075
176.51468 65.97158
447.90372 832.04839
944.64067 342.93809
21.06458 610.32879
267.35632 133.83110
849.88076 809.29600
182.94124 116.17699
370.29852 399.25711
354.24336 449.78332
929.05093 351.77118
849.21242 679.99386
539.25214 152.10329
359.06106 487.18323
687.28992 335.24350
372.83592 90.09668
618.59889 538.38782
681.84918 690.63163
578.63136 148.88035
610.90228 113.98839
98.82260 573.67258
963.79064 316.77375
81.73745 237.38566
884.34431 900.11231
812.58058 610.29284
728.06592 782.68149
127.62660 391.22904
416.20437 89.99200
463.42667 332.44788
757.73164 606.15654
568.77428 588.59302
845.30710 49.41539
196.23597 890.58488
703.46661 696.40586
324.54646 672.66030
966.76565 285.76916
76.71320 893.03797
865.78319 338.76490
500.79100 542.71253
553.49203 206.21477
947.87805 706.28927
592.64394 951.69244
949.53866 338.64502
286.48233 713.45370
917.30528 603.63773
55.58210 685.60402
862.39044 622.18881
770.50734 42.15731
28.13337 596.19512
841.24752 45.79599
512.06543 566.36772
527.90782 580.49084
964.35224 315.20790
273.93472 39.66640
177.86568 106.16088
133.31955 400.02440
665.25500 963.75878
583.03907 884.17279
679.28429 953.26548
798.22283 327.56379
733.53785 577.53324
651.25812 256.82605
344.79496 179.36473
77.17310 896.40660
823.67481 148.81145
561.05049 733.46247
817.38443 502.09982
865.47524 706.31710
844.07611 820.59806
448.79589 393.96882
572.56276 36.86664
686.15578 876.98186
124.69168 827.75647
108.50840 681.40961
624.00210 777.74220
542.32886 785.02911
720.08364 792.68363
483.90042 883.11217
420.39581 827.20578
278.69589 531.79057
730.94728 540.53926
363.08565 309.99750
743.48315 88.99375
882.15140 350.07295
274.56519 421.49283
617.46299 751.91050
848.90893 560.59988
47.81106 577.89576
679.89791 952.63869
874.09299 788.11024
796.79321 331.46897
248.76955 26.09301
434.12098 404.67563
848.89501 678.90298
181.06977 55.33654
21.70734 651.18021
356.00222 319.01009
931.21477 893.47641
932.08440 717.03410
762.70618 136.44522
509.74445 495.49781
378.45835 298.36739
91.70955 926.67983
599.79843 485.09276
67.41799 125.66957
466.16770 345.08599
502.09285 547.49234
228.38231 143.93180
744.11389 101.63977
371.69727 302.53670
846.23898 815.66600
258.79714 597.33662
220.69686 25.59052
500.37285 540.72855
786.04765 348.75935
293.65424 86.21550
701.08251 695.32183
619.27981 528.66306
815.44281 501.10995
265.00761 135.34467
607.27365 310.58562
520.57553 684.13799
276.14676 597.56924
449.34680 121.31429
907.54443 782.67435
119.86338 944.29479
240.17309 474.43306
596.10889 955.14924
347.83255 338.84449
118.38629 123.59319
917.06536 899.74152
347.70697 363.37488
53.11615 575.17703
264.97312 596.84124
966.42544 657.36444
451.58306 833.79458
430.25181 946.77227
444.94801 760.99621
619.28159 529.85412
299.05311 606.30250
963.54509 317.41833
556.82387 34.07846
912.95243 722.35551
127.65606 335.01290
596.00969 137.17712
511.51818 565.65888
738.43262 587.08301
313.78243 534.19331
22.48607 606.60754
334.93335 151.75955
493.92473 681.51906
617.40509 198.65303
888.29211 238.92828
483.29376 683.87364
27.68995 596.85856
952.29799 871.70414
223.79276 24.98875
850.87678 876.58364
246.54463 502.69685
331.52959 424.61520
276.20059 126.50823
856.82346 327.70261
862.64296 101.78008
552.83422 469.69601
796.43354 614.60832
205.12947 31.40011
510.42373 134.92955
614.68130 552.39416
837.15982 519.04163
472.81499 688.35270
916.14585 721.93189
770.65398 497.97731
463.75666 369.35187
128.55115 946.09805
28.47558 664.03809
952.32334 255.73983
841.97723 46.39909
188.60200 123.75411
447.26782 395.43471
687.31386 282.51257
591.31121 141.26685
744.23108 594.80984
465.75465 360.85055
874.28882 345.64092
872.20798 613.56462
228.99450 610.12546
376.83543 299.25772
660.57122 692.89159
133.03858 653.27783
964.55695 646.93294
245.69845 142.95283
966.30017 283.31836
417.76124 946.76678
729.49630 561.33569
691.25821 275.64664
964.10781 645.36656
494.74447 86.90506
611.54546 558.82227
885.06296 784.10665
956.72605 261.29029
696.05856 919.84815
112.42134 580.86731
390.12552 293.68850
155.04109 175.96319
157.63047 830.50325
693.86160 892.68887
335.52769 135.79367
687.79676 336.25644
554.28328 205.58092
173.89982 79.14420
551.79462 297.79641
190.11654 913.27539
123.78768 231.59985
937.49621 714.15700
744.07314 101.37610
92.17062 688.11919
501.31362 544.82309
758.09547 606.37855
195.81868 878.51030
414.41473 202.64170
81.37691 569.97403
687.29008 809.65671
462.83854 695.17714
336.21035 523.72156
384.91455 932.59010
378.07559 203.65255
360.12336 477.81086
869.88678 249.07053
598.39502 864.81296
216.94946 690.39196
411.73097 203.50756
450.13259 123.13577
79.76052 120.89283
345.70808 111.28741
359.70867 468.42804
871.81426 247.57659
740.55774 248.90593
342.45308 518.31829
365.73432 93.41892
775.13786 613.38708
218.39358 316.50720
897.70239 354.91508
634.81973 708.24391
891.97063 720.85976
36.63724 192.33462
151.49913 199.40353
880.89754 242.00607
695.07641 897.04262
223.27524 143.25629
784.33127 350.61075
599.46232 573.90935
819.06802 34.42926
587.95111 582.05682
228.98162 610.13586
878.43726 348.17330
764.32772 253.53964
377.85864 88.38771
379.68296 927.50698
405.88321 87.04865
154.59720 171.04666
559.50161 725.56495
81.23610 689.76817
954.62600 258.47438
947.73683 251.13890
18.09155 635.83221
501.10647 544.02510
737.28846 754.81070
407.36561 944.73402
836.34685 592.11732
367.25090 199.36479
745.49951 513.90125
406.61624 829.67886
395.50353 205.98272
558.30685 760.43664
846.66458 662.12042
50.14191 683.11494
489.58164 682.23686
925.71185 605.79065
35.48596 185.57693
853.95747 803.79349
175.81370 99.99175
848.49309 564.01185
879.63936 348.82402
289.82761 601.46364
258.51257 138.79114
176.11534 841.66349
441.53511 741.79695
171.67154 303.82435
117.54030 943.57891
41.35248 205.53810
577.10505 472.05613
849.89625 809.27240
729.17063 555.78334
576.93230 586.69405
385.62595 295.15920
841.54300 525.78122
940.56233 245.60269
619.00030 535.17342
731.73525 537.68080
600.82224 572.64446
391.10597 836.93745
735.85146 736.73060
617.11643 513.36782
354.79776 320.96899
744.78542 79.47756
235.85306 708.29471
689.04012 940.34566
613.89950 197.10280
174.91663 96.24100
745.92657 75.08162
791.36822 341.81169
483.47701 895.24307
797.59309 329.38831
50.88816 683.49589
97.92046 573.34320
786.77211 495.09785
568.09428 588.69796
18.31205 637.73235
62.29527 128.66591
795.30906 334.82670
480.76791 797.32827
789.57243 615.04869
873.36640 612.77216
855.58167 62.74765
22.61506 606.30315
614.30467 95.39928
104.62998 119.65510
248.28646 25.96970
296.82085 415.85347
381.39642 296.91529
457.55717 837.33486
664.34070 964.24300
57.73231 686.41356
850.87464 276.18449
293.55525 80.15970
694.82208 896.01769
78.40027 902.09368
841.80673 526.25824
43.01047 678.75548
623.91995 723.35903
138.01209 405.36243
911.33460 783.27515
753.88860 58.43795
967.20221 302.62951
83.46394 914.91451
195.92160 893.91335
702.00358 695.72578
108.31259 120.36545
267.70007 716.80833
625.57273 302.04045
293.57469 80.46154
310.68003 534.83082
383.88160 295.83770
792.67669 614.94728
731.81405 537.42233
562.27294 200.26724
744.20110 82.50938
801.29089 32.38130
942.21049 246.72602
297.19659 708.47452
584.96412 145.61072
22.40081 652.92262
571.31417 151.56933
695.01958 896.80677
533.31827 690.14772
472.08402 851.16386
38.32381 159.53026
939.09317 244.66699
886.02154 900.54135
246.55317 25.56219
215.13980 626.09213
963.10000 272.94035
859.24937 625.91593
773.42699 359.51213
629.39372 299.16056
450.77460 310.91428
902.28471 355.50112
830.36010 511.42601
133.18546 326.44586
411.44730 828.43025
603.03957 129.04679
445.72707 114.49804
542.69790 697.38617
155.11112 179.34288
964.48178 646.65923
580.70502 40.13881
102.07851 837.37280
95.19243 687.28913
502.58683 63.63478
176.00688 67.65189
731.89877 537.14902
354.20171 380.81589
731.42294 249.70423
218.10901 316.27835
482.35500 873.00575
745.82782 596.54452
293.68290 85.03780
368.73606 91.87588
960.91981 688.30024
752.79382 367.77144
661.96628 692.50097
698.88623 694.43141
748.58532 67.92123
166.95056 834.98871
962.73571 272.07288
436.20839 299.28045
694.86867 270.77728
617.44887 751.08741
849.70784 311.50291
443.52737 725.68377
286.05196 113.46104
52.82305 136.33284
325.21673 530.27735
41.07328 204.96715
431.12618 406.12459
501.51932 801.03507
862.42353 256.25104
850.11314 129.98635
108.96243 120.51580
503.30237 507.75930
851.53915 686.38176
949.04908 252.35580
101.39675 119.22546
131.56746 603.25034
756.38788 605.30527
431.65778 296.93849
578.95996 894.72998
945.97625 708.01147
542.62025 471.70872
617.59525 746.23606
273.43340 129.11582
734.79379 580.42027
963.69076 681.33316
135.92342 615.00079
38
20
17
20
24
34
19
19
30
14
10
17
22
20
41
27
19
11
19
20
27
32
