200 15
44.18857 45.51495
26.16661 23.34354
26.84123 32.72209
47.16410 35.43258
12.94525 21.66986
21.42383 27.05541
12.71785 6.57981
23.81672 34.44778
41.50107 3.51331
5.06857 15.59051
16.62538 10.35577
18.56828 16.58547
4.97849 6.29024
18.99923 37.60396
8.21728 26.79816
28.04812 35.32124
15.20265 28.78532
26.49783 6.21776
4.39412 27.16574
10.86065 20.57443
4.78866 16.31588
9.45964 18.31243
30.39605 29.02421
30.72528 8.44465
11.03629 11.63728
17.43843 46.09482
48.26470 32.22545
9.13251 6.27724
29.30559 25.03953
36.43730 35.58682
46.46222 30.24074
48.07637 34.40601
28.30645 4.70915
9.95762 48.36073
47.44318 16.42077
20.96146 37.67477
26.46908 44.12554
7.09051 8.48826
21.00659 45.98593
33.74119 9.89663
15.06176 2.92363
41.63324 21.91533
13.76983 16.95807
31.20321 7.62647
46.16207 28.76140
16.10565 17.55056
16.23577 20.30339
48.79883 11.87873
4.31913 17.93763
4.15080 38.72605
12.62442 13.91378
12.54021 47.93188
10.49751 47.45407
36.89498 43.48164
28.39316 38.28981
35.85612 36.05720
38.11873 27.64914
14.78151 43.55474
36.51209 14.19301
33.93430 28.26915
28.97005 45.04496
31.64433 44.73310
7.35497 14.52617
26.50787 33.30272
17.81853 42.97409
39.70742 17.70969
8.51545 14.29013
5.50328 27.59500
35.48861 1.85356
21.98129 4.25009
44.94501 13.44063
36.78705 44.78351
46.09617 22.28175
32.55804 9.33940
38.85966 10.30897
19.62353 9.82405
34.87689 33.72040
34.14498 31.78496
9.70403 33.28559
29.07050 33.61162
37.88168 24.31653
35.48694 41.64476
48.75581 3.41785
2.27196 46.37646
43.19419 41.38784
10.33244 29.16699
31.03767 30.71287
21.44182 5.93751
44.14096 34.53825
44.31618 40.74708
6.42851 28.03568
19.36314 35.08661
39.06662 27.65401
38.31089 46.15449
45.08174 47.34551
25.27548 15.08819
2.53915 35.24920
32.44196 10.67672
11.52894 31.43002
7.48753 28.50672
44.99571 41.43751
25.19286 1.56973
8.17611 15.11870
44.49320 29.76137
45.72440 2.59279
9.12801 44.09841
44.60269 19.08326
15.39371 9.42271
30.33680 44.80846
31.25356 34.84509
32.93698 39.12167
6.79255 28.02922
36.58481 35.31871
25.72487 29.56747
31.29714 25.89145
28.07350 25.20584
46.70842 2.06010
3.92106 3.34785
33.81485 28.60265
47.67041 39.04081
45.33122 43.31566
41.64980 6.13136
40.68805 26.73636
42.44133 31.50528
9.94179 39.20208
30.34031 35.81442
1.61106 38.19704
11.09616 17.50283
41.17248 4.12473
4.09183 22.28191
31.98748 30.23679
7.46903 2.33868
12.85097 40.35919
36.61252 27.35751
39.59901 41.56950
22.05918 18.90264
42.62798 31.01826
8.30121 45.91099
49.05128 29.74952
45.77916 7.82997
44.63621 31.18465
11.55006 36.91258
15.09400 25.42523
26.58901 26.88277
6.82749 44.45921
6.52342 9.85915
5.78631 33.82964
26.06045 35.52432
19.21857 27.11403
42.35112 8.43349
18.88273 40.39973
33.41970 40.81748
7.46077 26.08094
1.32168 31.74503
1.98987 46.11330
36.03442 45.96578
23.53396 49.64681
16.55762 36.55557
48.24552 41.49562
15.22903 33.12053
11.58930 15.18676
37.63776 37.90522
3.07911 1.17843
40.28855 16.65299
24.73427 20.80182
43.53412 27.42741
17.92483 34.40644
9.54825 6.78867
48.84900 37.61746
35.20554 21.35702
45.18670 38.45674
26.55783 37.52359
11.59169 47.16814
24.37480 4.49756
25.45907 38.79525
27.33403 3.88881
38.84850 47.68180
22.05659 45.41606
25.48691 32.01367
40.26028 45.14351
9.13082 35.15521
15.55484 30.34253
37.24430 37.52941
24.33299 12.52697
31.04482 10.54777
8.98413 33.57306
9.04443 17.68466
30.29248 26.36759
36.07844 10.77176
9.34352 18.64910
7.35460 17.98449
5.20338 12.24009
17.12673 8.27630
13.83850 30.99813
5.39206 5.36976
38.99069 10.69657
2.22582 41.32605
21.30410 5.49727
45.06424 45.00725
3.09280 2.89534
13
4
11
7
5
24
2
16
26
22
26
7
2
32
3
