2000 100
1.00000 286.50337
1.00000 29.92642
1.00000 218.08101
1.00000 262.24914
1.00000 244.37471
1.00000 29.07707
1.00000 269.81248
1.00000 225.03519
1.00000 248.40232
1.00000 290.10769
1.00000 138.76172
1.00000 214.78635
1.00000 168.29276
1.00000 239.33551
1.00000 91.79999
1.00000 240.69252
1.00000 96.34065
1.00000 203.02645
1.00000 225.24391
1.00000 301.85152
1.00000 224.73131
1.00000 260.49632
1.00000 261.49345
1.00000 290.16675
1.00000 280.40472
1.00000 280.59806
1.00000 288.84418
1.00000 145.20270
1.00000 301.60753
1.00000 238.02690
1.00000 293.15951
1.00000 208.55532
1.00000 183.64780
1.00000 187.82819
1.00000 173.31267
1.00000 108.12823
1.00000 104.88465
1.00000 56.84063
1.00000 38.86081
1.00000 202.00016
1.00000 87.72155
1.00000 142.28799
1.00000 90.59384
1.00000 135.04643
1.00000 215.98818
1.00000 185.76284
1.00000 97.70907
1.00000 244.03814
1.00000 76.20719
1.00000 123.10405
1.00000 51.54945
1.00000 109.31300
1.00000 193.41277
1.00000 82.76769
1.00000 63.24100
1.00000 284.88845
1.00000 135.10406
1.00000 290.77907
1.00000 38.35892
1.00000 88.07069
1.00000 80.98916
1.00000 43.30139
1.00000 239.69771
1.00000 230.03384
1.00000 262.37187
1.00000 178.74261
1.00000 207.20172
1.00000 259.83631
1.00000 205.34049
1.00000 78.09055
1.00000 244.18280
1.00000 46.13907
1.00000 244.43153
1.00000 37.61163
1.00000 67.00898
1.00000 15.98987
1.00000 96.39545
1.00000 63.20053
1.00000 15.11109
1.00000 262.01655
1.00000 125.37919
1.00000 217.20257
1.00000 46.12073
1.00000 223.38465
1.00000 290.45064
1.00000 34.55173
1.00000 289.59125
1.00000 199.19243
1.00000 298.38806
1.00000 38.53845
1.00000 209.86613
1.00000 22.49927
1.00000 33.68654
1.00000 221.78506
1.00000 89.13370
1.00000 242.91664
1.00000 219.35291
1.00000 204.55639
1.00000 102.32899
1.00000 34.56127
1.00000 40.71279
1.00000 299.83070
1.00000 112.57769
1.00000 11.37440
1.00000 293.96708
1.00000 21.16686
1.00000 25.00837
1.00000 231.58437
1.00000 259.95343
1.00000 99.66556
1.00000 224.61443
1.00000 62.19000
1.00000 89.37807
1.00000 105.81990
1.00000 23.26768
1.00000 218.66528
1.00000 246.09426
1.00000 216.95345
1.00000 69.29577
1.00000 70.11483
1.00000 43.82700
1.00000 219.24305
1.00000 112.11118
1.00000 112.20174
1.00000 134.27455
1.00000 4.36941
1.00000 69.36602
1.00000 88.18486
1.00000 236.66166
1.00000 177.06237
1.00000 261.52825
1.00000 161.52521
1.00000 292.14885
1.00000 37.04747
1.00000 231.60198
1.00000 34.01841
1.00000 259.65754
1.00000 141.10246
1.00000 51.57278
1.00000 110.36719
1.00000 111.98340
1.00000 25.12368
1.00000 51.29744
1.00000 113.10230
1.00000 265.57333
1.00000 43.72223
1.00000 40.73085
1.00000 224.08217
1.00000 68.83403
1.00000 78.15926
1.00000 101.23740
1.00000 259.63950
1.00000 111.92777
1.00000 39.27296
1.00000 220.64847
1.00000 38.95787
1.00000 44.59151
1.00000 47.85102
1.00000 137.58075
1.00000 279.27612
1.00000 221.64175
1.00000 291.68774
1.00000 247.18517
1.00000 52.23593
1.00000 3.23410
1.00000 9.74521
1.00000 22.16370
1.00000 111.53840
1.00000 297.57051
1.00000 223.97432
1.00000 252.45118
1.00000 235.08284
1.00000 132.65223
1.00000 260.98949
1.00000 3.52174
1.00000 22.08087
1.00000 242.54754
1.00000 218.80960
1.00000 261.19337
1.00000 87.70005
1.00000 253.57668
1.00000 203.31969
1.00000 47.75661
1.00000 216.45220
1.00000 44.58274
1.00000 296.13372
1.00000 124.13008
1.00000 267.04911
1.00000 33.87265
1.00000 113.03187
1.00000 133.73233
1.00000 38.84251
1.00000 258.59120
1.00000 252.83726
1.00000 260.83698
1.00000 37.67993
1.00000 63.94434
1.00000 142.43580
1.00000 280.90917
1.00000 202.90039
1.00000 258.69545
1.00000 133.66661
1.00000 102.25216
1.00000 56.40956
1.00000 56.80020
1.00000 79.68010
1.00000 258.48978
1.00000 13.50470
1.00000 128.86575
1.00000 122.93475
1.00000 96.99092
1.00000 175.23602
1.00000 110.11489
1.00000 216.54373
1.00000 106.91139
1.00000 218.27965
1.00000 244.12878
1.00000 67.75324
1.00000 21.34518
1.00000 37.93856
1.00000 237.14033
1.00000 232.25878
1.00000 30.85276
1.00000 185.97805
1.00000 280.10657
1.00000 229.37528
1.00000 106.04057
1.00000 33.57806
1.00000 39.18072
1.00000 279.93409
1.00000 216.84141
1.00000 188.02306
1.00000 291.15930
1.00000 96.78328
1.00000 17.13369
1.00000 240.07434
1.00000 111.72573
1.00000 147.91288
1.00000 15.63686
1.00000 109.51501
1.00000 141.86656
1.00000 45.77367
1.00000 260.80382
1.00000 189.07417
1.00000 208.67925
1.00000 231.04066
1.00000 279.88225
1.00000 172.74153
1.00000 183.53760
1.00000 160.17028
1.00000 263.25904
1.00000 124.82244
1.00000 112.71038
1.00000 75.95658
1.00000 165.69653
1.00000 293.00069
1.00000 188.90384
1.00000 243.48943
1.00000 272.27403
1.00000 225.03066
1.00000 61.70385
1.00000 279.69958
1.00000 63.00809
1.00000 276.86501
1.00000 223.83238
1.00000 131.62288
1.00000 252.56574
1.00000 286.45039
1.00000 57.69870
1.00000 139.29193
1.00000 236.95354
1.00000 7.59058
1.00000 36.04975
1.00000 37.02194
1.00000 48.56885
1.00000 247.25947
1.00000 17.68258
1.00000 278.82724
1.00000 80.27917
1.00000 239.21937
1.00000 253.75461
1.00000 244.84486
1.00000 304.83446
1.00000 234.92591
1.00000 112.92611
1.00000 172.24344
1.00000 185.94700
1.00000 90.04941
1.00000 290.88413
1.00000 181.65113
1.00000 294.87862
1.00000 45.49618
1.00000 36.73322
1.00000 113.84968
1.00000 184.72701
1.00000 267.02255
1.00000 263.26214
1.00000 92.72950
1.00000 73.57714
1.00000 233.54493
1.00000 250.72497
1.00000 13.24733
1.00000 9.65209
1.00000 14.46861
1.00000 290.47268
1.00000 255.11669
1.00000 88.38213
1.00000 39.19925
1.00000 61.82587
1.00000 289.41983
1.00000 52.57369
1.00000 245.23122
1.00000 230.11163
1.00000 184.12474
1.00000 77.27157
1.00000 279.94063
1.00000 25.86846
1.00000 77.75835
1.00000 109.26586
1.00000 116.52937
1.00000 279.09813
1.00000 17.04082
1.00000 88.21920
1.00000 156.36832
1.00000 68.54742
1.00000 254.14563
1.00000 260.15251
1.00000 135.37873
1.00000 139.31566
1.00000 105.08539
1.00000 176.61549
1.00000 289.50228
1.00000 287.67039
1.00000 91.16366
1.00000 204.22969
1.00000 21.62077
1.00000 295.97519
1.00000 261.56602
1.00000 234.55557
1.00000 24.50909
1.00000 40.43090
1.00000 16.69692
1.00000 215.58043
1.00000 34.85201
1.00000 246.13008
1.00000 96.20110
1.00000 68.05905
1.00000 219.40677
1.00000 123.76187
1.00000 203.76110
1.00000 233.96632
1.00000 258.38007
1.00000 123.49695
1.00000 172.58284
1.00000 51.34980
1.00000 29.94091
1.00000 161.31798
1.00000 254.92623
1.00000 286.44069
1.00000 261.94520
1.00000 294.73186
1.00000 147.39898
1.00000 220.97595
1.00000 109.75853
1.00000 23.31136
1.00000 254.67711
1.00000 62.82783
1.00000 267.64491
1.00000 44.10262
1.00000 261.14706
1.00000 25.50029
1.00000 45.55974
1.00000 201.59973
1.00000 73.66750
1.00000 223.76916
1.00000 252.33125
1.00000 205.83070
1.00000 155.96250
1.00000 159.28319
1.00000 91.53467
1.00000 103.97813
1.00000 143.17805
1.00000 123.34266
1.00000 292.36142
1.00000 116.83013
1.00000 3.72687
1.00000 103.32381
1.00000 99.66036
1.00000 208.44232
1.00000 87.84922
1.00000 203.04883
1.00000 123.92362
1.00000 246.29621
1.00000 40.51365
1.00000 242.43296
1.00000 90.06377
1.00000 58.18814
1.00000 139.28190
1.00000 289.96273
1.00000 32.63449
1.00000 46.26153
1.00000 70.40260
1.00000 185.30213
1.00000 232.81112
1.00000 88.93023
1.00000 15.70342
1.00000 57.02790
1.00000 188.45884
1.00000 203.75079
1.00000 267.63361
1.00000 232.99074
1.00000 76.35034
1.00000 258.24570
1.00000 105.22302
1.00000 67.14544
1.00000 62.77049
1.00000 229.08794
1.00000 144.79254
1.00000 125.16522
1.00000 234.84115
1.00000 43.60008
1.00000 268.82137
1.00000 39.60364
1.00000 199.46632
1.00000 112.66925
1.00000 113.79883
1.00000 89.99116
1.00000 180.22235
1.00000 6.33226
1.00000 63.38652
1.00000 248.69839
1.00000 175.27048
1.00000 266.97290
1.00000 134.00571
1.00000 261.89542
1.00000 159.89174
1.00000 157.39155
1.00000 88.99127
1.00000 10.92288
1.00000 34.76317
1.00000 94.48416
1.00000 162.00248
1.00000 209.80945
1.00000 288.64285
1.00000 205.13912
1.00000 40.05874
1.00000 123.18380
1.00000 91.71740
1.00000 67.63684
1.00000 290.06793
1.00000 277.68963
1.00000 182.57896
1.00000 160.46376
1.00000 258.35889
1.00000 302.31785
1.00000 212.05428
1.00000 288.00850
1.00000 239.83544
1.00000 209.66917
1.00000 216.98826
1.00000 83.63130
1.00000 291.89157
1.00000 56.20413
1.00000 267.07311
1.00000 219.54381
1.00000 212.03312
1.00000 210.13446
1.00000 213.74178
1.00000 135.68054
1.00000 259.93758
1.00000 255.31813
1.00000 45.92279
1.00000 88.80275
1.00000 158.58458
1.00000 261.50882
1.00000 56.90500
1.00000 219.77226
1.00000 6.44111
1.00000 34.29142
1.00000 259.12789
1.00000 98.85178
1.00000 15.55262
1.00000 17.95865
1.00000 139.46483
1.00000 33.58534
1.00000 69.17693
1.00000 14.58759
1.00000 134.26359
1.00000 224.95936
1.00000 44.85668
1.00000 142.21013
1.00000 184.29414
1.00000 280.03836
1.00000 280.45698
1.00000 291.42202
1.00000 235.66380
1.00000 146.97026
1.00000 281.31696
1.00000 162.27992
1.00000 209.56665
1.00000 201.44951
1.00000 258.56660
1.00000 212.63823
1.00000 139.03453
1.00000 261.55507
1.00000 267.57373
1.00000 134.52984
1.00000 71.91205
1.00000 34.20165
1.00000 46.23277
1.00000 284.25328
1.00000 68.36536
1.00000 61.87727
1.00000 285.74333
1.00000 21.71421
1.00000 97.00859
1.00000 36.11317
1.00000 244.34163
1.00000 199.47924
1.00000 186.10702
1.00000 105.38622
1.00000 39.74653
1.00000 240.69125
1.00000 122.87682
1.00000 51.13686
1.00000 287.52121
1.00000 33.89545
1.00000 289.03613
1.00000 21.85065
1.00000 239.62960
1.00000 37.96004
1.00000 218.38419
1.00000 90.87686
1.00000 294.12171
1.00000 76.68114
1.00000 33.31694
1.00000 59.25179
1.00000 35.40827
1.00000 113.45001
1.00000 258.15642
1.00000 38.51478
1.00000 251.89875
1.00000 277.67395
1.00000 36.16306
1.00000 102.36614
1.00000 272.19393
1.00000 200.09808
1.00000 218.04087
1.00000 263.45448
1.00000 33.70338
1.00000 92.50963
1.00000 22.98731
1.00000 203.50448
1.00000 74.93447
1.00000 219.18828
1.00000 13.80384
1.00000 287.61908
1.00000 3.65033
1.00000 130.37719
1.00000 263.47664
1.00000 46.41728
1.00000 232.09455
1.00000 163.41848
1.00000 39.33710
1.00000 277.24217
1.00000 231.38775
1.00000 161.21884
1.00000 259.34895
1.00000 279.05846
1.00000 45.03358
1.00000 44.84105
1.00000 224.48448
1.00000 202.31290
1.00000 247.64037
1.00000 95.34284
1.00000 69.38885
1.00000 252.61814
1.00000 115.59883
1.00000 56.21221
1.00000 204.02527
1.00000 290.26906
1.00000 44.13248
1.00000 163.05634
1.00000 158.24595
1.00000 263.32805
1.00000 89.58858
1.00000 131.71257
1.00000 162.33398
1.00000 122.73768
1.00000 33.99755
1.00000 261.35845
1.00000 141.18324
1.00000 16.91246
1.00000 300.92590
1.00000 111.18312
1.00000 245.85139
1.00000 146.80271
1.00000 15.34949
1.00000 159.08283
1.00000 88.76231
1.00000 246.87203
1.00000 240.47901
1.00000 113.11457
1.00000 219.33283
1.00000 286.91953
1.00000 235.39767
1.00000 261.38132
1.00000 169.09397
1.00000 279.71889
1.00000 131.97623
1.00000 17.41142
1.00000 44.85928
1.00000 225.08337
1.00000 204.69001
1.00000 223.67804
1.00000 52.51978
1.00000 243.61078
1.00000 79.52028
1.00000 279.66035
1.00000 59.79438
1.00000 229.23954
1.00000 114.99045
1.00000 132.86178
1.00000 23.86788
1.00000 210.52604
1.00000 43.40302
1.00000 35.60226
1.00000 252.42192
1.00000 17.42915
1.00000 123.39568
1.00000 252.41993
1.00000 165.57607
1.00000 96.24216
1.00000 205.27681
1.00000 178.78293
1.00000 222.00603
1.00000 220.02163
1.00000 16.77349
1.00000 124.01383
1.00000 163.11439
1.00000 296.84678
1.00000 292.32853
1.00000 15.11608
1.00000 241.18697
1.00000 103.86670
1.00000 128.82556
1.00000 71.20797
1.00000 78.27349
1.00000 122.99515
1.00000 108.71332
1.00000 33.38484
1.00000 62.65860
1.00000 288.03328
1.00000 38.37091
1.00000 133.28708
1.00000 88.97716
1.00000 86.61525
1.00000 295.27616
1.00000 278.63581
1.00000 133.83486
1.00000 141.89468
1.00000 289.64144
1.00000 262.09870
1.00000 133.44207
1.00000 20.88494
1.00000 258.77677
1.00000 46.83553
1.00000 124.45232
1.00000 51.31724
1.00000 57.23951
1.00000 123.98788
1.00000 170.48306
1.00000 35.29355
1.00000 220.98626
1.00000 205.34946
1.00000 51.49379
1.00000 63.99632
1.00000 262.53056
1.00000 279.07360
1.00000 260.07316
1.00000 89.10159
1.00000 133.53507
1.00000 176.83091
1.00000 1.13660
1.00000 208.37583
1.00000 21.84676
1.00000 176.17297
1.00000 234.90166
1.00000 33.22217
1.00000 287.34365
1.00000 214.64583
1.00000 272.11328
1.00000 258.26753
1.00000 106.99999
1.00000 90.35400
1.00000 179.62776
1.00000 259.68153
1.00000 139.31606
1.00000 101.28363
1.00000 112.88746
1.00000 33.36189
1.00000 44.28055
1.00000 166.62177
1.00000 105.04861
1.00000 88.66824
1.00000 201.53249
1.00000 75.97141
1.00000 239.01124
1.00000 51.16771
1.00000 258.71936
1.00000 279.75243
1.00000 231.03403
1.00000 3.89467
1.00000 97.50417
1.00000 33.73657
1.00000 174.19162
1.00000 124.22939
1.00000 202.95313
1.00000 104.45987
1.00000 291.02964
1.00000 111.73389
1.00000 107.89725
1.00000 161.88692
1.00000 12.57418
1.00000 134.09644
1.00000 280.16691
1.00000 77.51165
1.00000 223.61292
1.00000 37.74161
1.00000 50.29498
1.00000 293.55025
1.00000 123.41923
1.00000 22.43982
1.00000 112.58337
1.00000 161.82018
1.00000 116.83479
1.00000 262.79478
1.00000 106.16885
1.00000 237.61179
1.00000 38.19795
1.00000 230.05205
1.00000 106.28267
1.00000 220.56600
1.00000 260.81940
1.00000 286.05567
1.00000 16.10379
1.00000 183.04181
1.00000 246.63231
1.00000 28.84831
1.00000 15.56407
1.00000 238.71237
1.00000 211.46402
1.00000 12.98731
1.00000 3.59444
1.00000 160.80476
1.00000 104.55308
1.00000 123.62037
1.00000 212.16271
1.00000 294.14756
1.00000 44.50959
1.00000 17.40667
1.00000 88.71185
1.00000 125.04425
1.00000 280.24826
1.00000 90.57263
1.00000 207.62867
1.00000 218.90058
1.00000 207.75661
1.00000 107.73923
1.00000 270.16080
1.00000 22.04060
1.00000 77.98315
1.00000 15.78542
1.00000 267.78895
1.00000 75.42548
1.00000 32.62948
1.00000 116.68059
1.00000 156.50633
1.00000 183.31261
1.00000 230.65985
1.00000 266.79541
1.00000 141.21452
1.00000 39.74243
1.00000 165.64836
1.00000 36.59584
1.00000 22.48236
1.00000 210.16250
1.00000 3.09696
1.00000 218.96235
1.00000 100.83114
1.00000 133.05852
1.00000 296.00956
1.00000 205.60575
1.00000 290.59259
1.00000 108.06669
1.00000 130.26767
1.00000 230.91910
1.00000 259.15757
1.00000 189.02263
1.00000 185.45857
1.00000 249.58064
1.00000 262.27859
1.00000 45.22624
1.00000 100.23025
1.00000 223.58850
1.00000 39.89068
1.00000 50.80091
1.00000 98.36948
1.00000 270.99193
1.00000 43.65153
1.00000 162.48275
1.00000 45.30805
1.00000 74.88557
1.00000 286.87946
1.00000 112.79873
1.00000 297.50262
1.00000 181.00086
1.00000 88.23231
1.00000 207.44676
1.00000 22.33428
1.00000 262.45871
1.00000 230.12716
1.00000 244.57925
1.00000 96.23572
1.00000 248.22144
1.00000 250.90953
1.00000 20.61966
1.00000 292.18707
1.00000 172.42600
1.00000 3.93789
1.00000 219.20572
1.00000 110.84371
1.00000 104.19998
1.00000 77.22568
1.00000 187.65142
1.00000 47.09231
1.00000 33.14343
1.00000 141.96810
1.00000 17.60350
1.00000 199.52995
1.00000 50.86075
1.00000 279.22164
1.00000 261.97880
1.00000 212.48716
1.00000 208.87156
1.00000 259.90564
1.00000 284.40617
1.00000 267.51998
1.00000 224.79692
1.00000 203.07151
1.00000 259.51159
1.00000 267.36080
1.00000 167.23482
1.00000 32.03480
1.00000 252.82321
1.00000 96.91052
1.00000 205.67230
1.00000 262.51942
1.00000 15.72860
1.00000 148.78290
1.00000 279.97847
1.00000 7.49301
1.00000 260.03836
1.00000 112.63799
1.00000 201.95913
1.00000 61.27031
1.00000 103.68179
1.00000 246.56175
1.00000 116.23695
1.00000 259.80440
1.00000 281.06425
1.00000 289.97180
1.00000 63.59539
1.00000 245.30974
1.00000 267.90452
1.00000 244.58416
1.00000 279.83223
1.00000 187.77178
1.00000 3.39076
1.00000 75.79583
1.00000 184.40731
1.00000 16.20019
1.00000 223.23835
1.00000 129.50160
1.00000 15.96710
1.00000 35.22540
1.00000 14.27596
1.00000 280.52775
1.00000 263.16747
1.00000 13.42650
1.00000 36.56313
1.00000 216.51925
1.00000 50.59717
1.00000 140.56211
1.00000 287.53636
1.00000 289.35454
1.00000 58.29001
1.00000 17.61500
1.00000 107.53999
1.00000 204.49717
1.00000 38.79506
1.00000 224.89964
1.00000 161.26166
1.00000 107.75143
1.00000 175.17012
1.00000 241.52820
1.00000 230.79521
1.00000 44.63828
1.00000 139.81800
1.00000 97.35557
1.00000 113.39592
1.00000 97.10218
1.00000 279.63627
1.00000 98.35139
1.00000 104.28533
1.00000 261.51357
1.00000 301.39095
1.00000 286.91247
1.00000 210.90363
1.00000 267.60156
1.00000 236.47622
1.00000 223.78684
1.00000 299.35288
1.00000 214.63789
1.00000 116.25438
1.00000 258.82205
1.00000 124.76181
1.00000 215.83671
1.00000 51.95247
1.00000 218.68666
1.00000 218.96665
1.00000 185.21930
1.00000 43.43442
1.00000 232.55324
1.00000 37.97010
1.00000 58.58783
1.00000 138.06677
1.00000 223.87933
1.00000 199.87751
1.00000 259.40926
1.00000 90.45361
1.00000 34.93223
1.00000 246.25021
1.00000 280.46983
1.00000 280.07204
1.00000 133.31032
1.00000 122.72141
1.00000 263.11796
1.00000 248.98151
1.00000 132.26502
1.00000 51.99404
1.00000 214.52128
1.00000 293.00785
1.00000 184.00216
1.00000 38.91176
1.00000 214.86185
1.00000 236.56112
1.00000 16.63046
1.00000 215.65448
1.00000 239.33371
1.00000 33.92195
1.00000 177.16007
1.00000 206.29303
1.00000 14.23449
1.00000 90.74769
1.00000 208.18925
1.00000 89.82189
1.00000 302.65033
1.00000 43.90831
1.00000 17.55168
1.00000 169.98225
1.00000 263.66269
1.00000 39.97786
1.00000 64.04680
1.00000 63.33067
1.00000 215.95900
1.00000 43.70028
1.00000 234.94115
1.00000 40.14832
1.00000 107.35787
1.00000 31.72463
1.00000 217.23486
1.00000 186.21934
1.00000 260.14782
1.00000 253.87219
1.00000 39.39202
1.00000 134.88247
1.00000 50.23641
1.00000 113.28841
1.00000 225.14285
1.00000 47.39564
1.00000 259.13205
1.00000 63.62745
1.00000 68.03698
1.00000 262.43263
1.00000 247.03308
1.00000 291.69910
1.00000 236.80663
1.00000 217.55973
1.00000 71.00579
1.00000 291.65274
1.00000 186.48352
1.00000 216.19920
1.00000 32.81557
1.00000 291.31132
1.00000 47.33657
1.00000 242.42999
1.00000 285.24690
1.00000 39.73065
1.00000 204.78147
1.00000 45.60509
1.00000 252.95352
1.00000 206.03718
1.00000 35.40114
1.00000 287.07912
1.00000 35.09272
1.00000 21.88536
1.00000 162.58194
1.00000 203.47564
1.00000 267.42977
1.00000 208.94324
1.00000 33.52638
1.00000 289.57747
1.00000 10.22781
1.00000 240.36191
1.00000 201.42104
1.00000 278.56519
1.00000 40.40234
1.00000 56.94790
1.00000 104.12017
1.00000 98.34220
1.00000 106.64499
1.00000 88.03119
1.00000 297.95615
1.00000 280.39240
1.00000 259.58674
1.00000 87.93370
1.00000 68.22382
1.00000 112.85917
1.00000 135.94550
1.00000 290.31789
1.00000 260.48474
1.00000 248.04377
1.00000 216.21315
1.00000 110.32089
1.00000 62.71793
1.00000 140.30298
1.00000 271.95926
1.00000 232.71899
1.00000 263.07093
1.00000 21.16727
1.00000 135.40495
1.00000 106.43375
1.00000 202.51921
1.00000 162.38429
1.00000 97.81260
1.00000 243.57117
1.00000 115.16730
1.00000 128.52325
1.00000 107.55588
1.00000 61.73699
1.00000 200.49063
1.00000 242.76357
1.00000 254.32105
1.00000 161.48375
1.00000 218.87755
1.00000 90.61671
1.00000 93.59076
1.00000 123.46762
1.00000 232.71610
1.00000 124.02148
1.00000 49.37003
1.00000 99.95518
1.00000 224.41548
1.00000 38.47830
1.00000 36.13737
1.00000 239.08087
1.00000 160.73063
1.00000 46.97392
1.00000 135.77014
1.00000 122.98219
1.00000 262.01024
1.00000 33.96185
1.00000 52.09720
1.00000 76.71063
1.00000 271.85706
1.00000 89.92514
1.00000 130.62576
1.00000 72.86928
1.00000 32.31766
1.00000 301.84737
1.00000 125.21880
1.00000 219.40070
1.00000 218.41681
1.00000 246.17783
1.00000 147.09998
1.00000 124.61916
1.00000 218.17183
1.00000 202.98840
1.00000 259.89764
1.00000 22.89580
1.00000 178.09478
1.00000 132.58197
1.00000 202.94957
1.00000 248.58640
1.00000 179.53702
1.00000 111.60485
1.00000 215.37657
1.00000 201.56728
1.00000 232.47426
1.00000 239.63932
1.00000 217.12304
1.00000 217.39638
1.00000 255.33763
1.00000 23.00275
1.00000 252.65009
1.00000 139.55630
1.00000 67.21438
1.00000 218.84071
1.00000 38.20188
1.00000 113.37373
1.00000 207.37240
1.00000 230.77842
1.00000 47.97371
1.00000 147.99162
1.00000 107.27823
1.00000 10.24635
1.00000 142.56019
1.00000 44.85407
1.00000 272.35052
1.00000 24.29276
1.00000 231.14656
1.00000 204.07942
1.00000 3.52467
1.00000 52.63763
1.00000 35.48581
1.00000 1.15418
1.00000 159.79995
1.00000 104.94344
1.00000 34.21534
1.00000 161.92995
1.00000 105.13358
1.00000 245.39962
1.00000 16.29534
1.00000 106.22168
1.00000 140.64626
1.00000 89.30415
1.00000 262.34886
1.00000 291.77712
1.00000 1.51714
1.00000 218.73840
1.00000 161.75060
1.00000 277.19727
1.00000 113.18378
1.00000 259.46460
1.00000 37.09069
1.00000 294.84614
1.00000 224.81817
1.00000 89.40276
1.00000 91.11760
1.00000 259.51452
1.00000 233.20651
1.00000 133.10991
1.00000 279.79343
1.00000 122.75862
1.00000 247.32192
1.00000 214.49061
1.00000 216.33917
1.00000 245.32631
1.00000 23.46515
1.00000 217.30627
1.00000 290.87004
1.00000 37.15099
1.00000 17.42442
1.00000 67.27420
1.00000 164.07861
1.00000 15.66612
1.00000 74.28098
1.00000 259.30601
1.00000 16.40476
1.00000 40.79577
1.00000 161.81692
1.00000 229.43562
1.00000 181.75842
1.00000 69.11377
1.00000 77.02982
1.00000 291.37815
1.00000 203.36389
1.00000 290.02134
1.00000 211.24094
1.00000 184.02198
1.00000 100.35302
1.00000 21.39568
1.00000 281.17451
1.00000 246.02980
1.00000 295.10372
1.00000 277.81069
1.00000 240.75735
1.00000 5.55572
1.00000 45.98278
1.00000 45.17167
1.00000 227.80034
1.00000 300.69569
1.00000 122.78561
1.00000 220.79882
1.00000 242.99413
1.00000 184.23131
1.00000 32.82954
1.00000 262.45386
1.00000 280.92335
1.00000 102.73426
1.00000 171.31700
1.00000 243.14243
1.00000 137.22421
1.00000 225.58622
1.00000 133.62070
1.00000 258.19777
1.00000 30.00916
1.00000 52.65313
1.00000 77.36899
1.00000 16.62849
1.00000 20.91876
1.00000 278.73026
1.00000 186.27508
1.00000 263.37558
1.00000 241.76951
1.00000 276.52455
1.00000 238.91851
1.00000 91.71601
1.00000 280.35076
1.00000 36.10606
1.00000 111.95369
1.00000 41.98792
1.00000 254.62882
1.00000 89.79820
1.00000 230.55534
1.00000 22.40819
1.00000 211.19013
1.00000 276.04935
1.00000 25.77529
1.00000 115.05809
1.00000 43.63779
1.00000 98.72188
1.00000 211.06971
1.00000 37.16452
1.00000 29.71601
1.00000 159.57395
1.00000 204.24493
1.00000 113.71323
1.00000 241.73042
1.00000 44.02157
1.00000 156.69494
1.00000 225.18640
1.00000 139.90902
1.00000 269.31291
1.00000 198.97683
1.00000 123.28606
1.00000 101.04373
1.00000 107.58072
1.00000 229.76211
1.00000 46.15273
1.00000 280.44994
1.00000 137.36512
1.00000 262.78465
1.00000 263.71065
1.00000 76.18274
1.00000 256.89445
1.00000 105.60431
1.00000 262.46347
1.00000 111.44134
1.00000 16.00863
1.00000 291.36026
1.00000 100.53744
1.00000 253.17952
1.00000 289.24538
1.00000 279.22625
1.00000 110.01228
1.00000 209.64890
1.00000 139.98312
1.00000 101.98333
1.00000 38.92904
1.00000 161.86337
1.00000 262.45070
1.00000 239.05996
1.00000 278.40605
1.00000 133.78925
1.00000 141.63925
1.00000 165.61734
1.00000 260.51757
1.00000 288.70830
1.00000 15.49730
1.00000 53.66343
1.00000 3.27195
1.00000 129.48615
1.00000 240.92942
1.00000 275.88459
1.00000 131.80637
1.00000 7.05743
1.00000 290.77721
1.00000 212.02790
1.00000 281.18115
1.00000 204.10742
1.00000 80.31807
1.00000 114.79746
1.00000 108.27209
1.00000 209.03845
1.00000 116.82598
1.00000 242.33566
1.00000 45.04706
1.00000 240.40786
1.00000 11.17531
1.00000 239.22596
1.00000 122.96430
1.00000 270.97897
1.00000 172.64928
1.00000 97.96768
1.00000 206.24899
1.00000 220.30377
1.00000 230.87813
1.00000 172.64594
1.00000 29.50829
1.00000 208.76708
1.00000 297.55935
1.00000 289.93251
1.00000 106.70053
1.00000 50.34306
1.00000 107.17390
1.00000 133.76766
1.00000 100.41970
1.00000 139.98537
1.00000 279.81327
1.00000 64.40332
1.00000 246.94428
1.00000 60.30166
1.00000 202.38808
1.00000 292.14667
1.00000 289.18694
1.00000 30.17363
1.00000 207.47629
1.00000 30.38338
1.00000 273.35609
1.00000 30.88377
1.00000 15.34329
1.00000 229.90253
1.00000 167.45612
1.00000 65.47123
1.00000 17.12184
1.00000 222.75095
1.00000 292.24855
1.00000 301.78068
1.00000 270.36775
1.00000 286.36452
1.00000 71.47552
1.00000 259.22906
1.00000 203.43798
1.00000 15.51885
1.00000 55.98636
1.00000 130.74448
1.00000 12.43637
1.00000 244.30154
1.00000 36.73686
1.00000 187.89590
1.00000 297.70094
1.00000 90.75874
1.00000 211.84044
1.00000 99.52060
1.00000 261.12152
1.00000 165.47681
1.00000 259.89105
1.00000 218.03678
1.00000 56.91739
1.00000 113.16200
1.00000 109.10696
1.00000 290.18540
1.00000 29.68761
1.00000 216.96327
1.00000 298.40002
1.00000 165.67469
1.00000 130.76679
1.00000 49.62192
1.00000 297.12060
1.00000 261.29477
1.00000 125.23907
1.00000 222.56780
1.00000 63.00674
1.00000 268.31016
1.00000 230.47797
1.00000 218.18590
1.00000 111.69803
1.00000 33.09149
1.00000 231.35205
1.00000 177.82336
1.00000 291.56158
1.00000 63.18115
1.00000 35.18785
1.00000 225.28899
1.00000 63.59073
1.00000 62.65088
1.00000 63.83162
1.00000 29.65724
1.00000 241.90348
1.00000 162.03924
1.00000 217.36506
1.00000 141.34933
1.00000 270.25547
1.00000 36.00616
1.00000 136.02746
1.00000 167.23562
1.00000 132.38958
1.00000 52.19589
1.00000 87.75487
1.00000 47.11606
1.00000 78.39509
1.00000 266.89286
1.00000 247.41629
1.00000 139.45321
1.00000 147.79680
1.00000 279.96024
1.00000 276.79157
1.00000 262.36770
1.00000 272.01749
1.00000 182.65686
1.00000 12.53141
1.00000 224.81536
1.00000 64.55621
1.00000 109.72355
1.00000 258.17618
1.00000 134.81161
1.00000 202.54642
1.00000 292.80355
1.00000 130.61195
1.00000 269.62000
1.00000 260.30005
1.00000 21.01458
1.00000 166.26228
1.00000 290.03648
1.00000 88.80040
1.00000 9.59780
1.00000 103.90818
1.00000 134.68885
1.00000 70.03925
1.00000 142.79943
1.00000 208.97067
1.00000 263.47771
1.00000 289.90452
1.00000 62.92996
1.00000 201.66976
1.00000 270.27854
1.00000 251.92042
1.00000 76.96761
1.00000 50.82242
1.00000 16.77136
1.00000 277.41567
1.00000 67.27243
1.00000 283.42345
1.00000 36.16384
1.00000 280.81568
1.00000 201.42680
1.00000 156.61330
1.00000 245.81505
1.00000 160.97191
1.00000 45.88239
1.00000 209.35631
1.00000 89.29616
1.00000 130.83408
1.00000 209.90531
1.00000 43.57383
1.00000 246.96261
1.00000 280.35237
1.00000 66.69601
1.00000 129.63775
1.00000 31.91832
1.00000 241.69270
1.00000 57.09307
1.00000 175.77110
1.00000 112.72108
1.00000 75.85897
1.00000 203.35683
1.00000 211.15354
1.00000 252.90401
1.00000 64.32239
1.00000 81.45534
1.00000 128.42547
1.00000 244.83789
1.00000 97.08527
1.00000 272.33542
1.00000 245.89525
1.00000 67.34449
1.00000 296.04941
1.00000 176.23509
1.00000 231.25707
1.00000 213.35020
1.00000 271.85728
1.00000 105.98386
1.00000 134.70599
1.00000 124.87650
1.00000 40.55412
1.00000 258.08929
1.00000 16.91598
1.00000 224.86211
1.00000 290.14548
1.00000 291.67750
1.00000 51.11933
1.00000 182.09232
1.00000 123.11101
1.00000 39.19944
1.00000 44.76677
1.00000 25.21850
1.00000 292.23646
1.00000 178.12773
1.00000 106.26910
1.00000 37.05701
1.00000 44.98023
1.00000 112.63618
1.00000 209.60484
1.00000 16.30063
1.00000 58.79638
1.00000 77.22532
1.00000 104.67214
1.00000 244.36758
1.00000 123.95839
1.00000 184.44878
1.00000 222.95043
1.00000 22.92198
1.00000 50.71227
1.00000 63.62491
1.00000 185.39770
1.00000 24.57411
1.00000 92.68603
1.00000 113.33281
1.00000 219.35308
1.00000 63.00211
1.00000 171.49671
1.00000 231.12143
1.00000 201.33012
1.00000 130.66400
1.00000 215.86247
1.00000 45.48168
1.00000 290.01147
1.00000 67.18894
1.00000 206.75811
1.00000 280.80199
1.00000 169.75009
1.00000 33.23797
1.00000 206.99338
1.00000 97.03237
1.00000 259.18694
1.00000 108.31325
1.00000 219.33148
1.00000 40.48909
1.00000 292.32066
1.00000 237.33420
1.00000 238.20866
1.00000 237.58185
1.00000 152.54696
1.00000 218.77793
1.00000 270.21590
1.00000 39.09581
1.00000 120.68335
1.00000 229.97881
1.00000 71.64396
1.00000 31.38752
1.00000 135.11538
1.00000 105.01207
1.00000 15.78569
1.00000 40.65222
1.00000 104.30438
1.00000 289.21649
1.00000 292.71921
1.00000 123.45103
1.00000 98.62807
1.00000 15.38160
1.00000 279.69612
1.00000 206.45101
1.00000 187.57868
1.00000 247.01012
1.00000 262.30588
1.00000 81.89044
1.00000 112.77078
1.00000 134.51941
1.00000 36.86113
1.00000 67.74157
1.00000 98.30909
1.00000 112.65366
1.00000 248.91778
1.00000 132.38632
1.00000 100.23082
1.00000 161.64223
1.00000 225.01572
1.00000 233.45179
1.00000 241.50130
1.00000 168.22658
1.00000 164.03740
1.00000 22.73059
1.00000 224.85214
1.00000 25.55749
1.00000 74.78992
1.00000 231.06977
1.00000 281.07136
1.00000 113.99399
1.00000 37.09705
1.00000 249.84247
1.00000 55.99941
1.00000 135.92808
1.00000 140.17336
1.00000 290.79290
1.00000 270.84069
1.00000 13.80064
1.00000 3.08183
1.00000 14.21546
1.00000 140.45249
1.00000 223.65352
1.00000 50.79834
1.00000 279.10631
1.00000 70.96309
1.00000 240.10277
1.00000 240.33376
1.00000 39.44437
1.00000 214.42368
1.00000 287.44577
1.00000 290.36316
1.00000 253.57774
1.00000 167.20307
1.00000 107.38763
1.00000 69.27247
1.00000 133.77480
1.00000 232.14314
1.00000 219.61394
1.00000 15.65730
1.00000 245.88163
1.00000 238.01681
1.00000 290.35668
1.00000 37.09193
1.00000 113.97455
1.00000 258.18528
1.00000 34.05548
1.00000 17.24942
1.00000 141.66644
1.00000 245.16489
1.00000 291.46735
1.00000 16.73416
1.00000 34.51527
1.00000 252.71926
1.00000 238.55649
1.00000 163.76960
1.00000 21.00198
1.00000 232.12388
1.00000 58.43362
1.00000 78.84866
1.00000 181.85377
1.00000 36.58038
1.00000 163.77510
1.00000 289.35641
1.00000 107.88428
1.00000 103.47048
1.00000 59.96358
1.00000 37.72179
1.00000 254.97499
1.00000 114.31434
1.00000 219.29754
1.00000 88.07598
1.00000 36.07967
1.00000 260.56868
1.00000 12.47499
1.00000 281.13115
1.00000 59.11429
1.00000 162.86209
1.00000 204.44598
1.00000 263.62145
1.00000 91.74652
1.00000 63.99433
1.00000 292.31498
1.00000 115.57143
1.00000 163.95871
1.00000 291.63292
1.00000 255.15401
1.00000 134.63143
1.00000 181.37063
1.00000 215.15944
1.00000 62.80186
1.00000 217.32499
1.00000 182.45027
1.00000 218.01531
1.00000 287.72290
1.00000 102.34876
1.00000 292.57765
1.00000 90.54564
1.00000 180.63707
1.00000 254.61114
1.00000 123.67715
1.00000 224.58782
1.00000 142.76849
1.00000 260.14842
1.00000 17.97199
1.00000 245.94309
1.00000 74.78719
1.00000 203.18965
1.00000 141.48955
1.00000 135.60677
1.00000 218.47945
1.00000 261.73748
1.00000 157.90155
1.00000 230.36056
1.00000 291.15739
1.00000 199.09727
1.00000 91.24878
1.00000 132.25877
1.00000 223.47594
1.00000 221.65292
1.00000 14.63491
1.00000 206.43514
1.00000 113.36975
1.00000 102.01935
1.00000 38.99687
1.00000 140.55988
1.00000 288.66887
1.00000 51.21678
1.00000 292.18764
1.00000 116.12841
1.00000 123.21188
1.00000 37.48051
1.00000 247.20913
1.00000 202.17080
1.00000 115.53943
1.00000 180.92310
1.00000 33.16025
1.00000 139.67042
1.00000 224.68282
1.00000 224.57182
1.00000 187.83981
1.00000 1.28090
1.00000 279.63994
1.00000 182.02292
1.00000 219.02257
1.00000 147.33939
1.00000 187.24393
1.00000 45.27570
1.00000 101.58971
1.00000 23.04502
1.00000 262.09838
1.00000 131.78953
1.00000 31.68427
1.00000 82.86951
1.00000 259.15134
1.00000 87.74433
1.00000 251.86761
1.00000 135.88989
1.00000 58.25159
1.00000 1.03099
1.00000 252.92255
1.00000 164.88370
1.00000 129.40369
1.00000 129.64546
1.00000 292.52262
1.00000 279.80436
1.00000 51.93317
1.00000 219.27502
1.00000 278.89536
1.00000 224.29971
1.00000 97.38846
1.00000 88.08668
1.00000 230.36821
1.00000 222.50765
1.00000 110.76710
1.00000 267.37857
1.00000 38.94498
1.00000 65.70772
1.00000 125.00058
1.00000 198.70706
1.00000 203.83119
1.00000 109.86393
1.00000 131.44548
1.00000 21.37628
1.00000 46.04833
1.00000 251.84021
1.00000 12.48796
1.00000 295.48873
1.00000 250.18720
1.00000 68.11413
1.00000 33.13517
1.00000 118.80201
1.00000 247.69725
1.00000 260.12471
1.00000 206.29621
1.00000 204.70684
1.00000 166.23014
1.00000 254.38259
1.00000 56.50731
1.00000 35.87351
1.00000 140.91308
1.00000 190.75769
1.00000 280.04436
1.00000 244.00275
1.00000 68.78804
1.00000 83.61027
1.00000 220.65280
1.00000 142.14916
1.00000 253.41529
1.00000 116.06451
1.00000 141.78519
1.00000 167.17788
1.00000 17.76706
1.00000 108.52776
1.00000 216.44641
1.00000 111.51210
1.00000 206.68496
1.00000 240.16992
1.00000 279.48145
1.00000 276.24160
1.00000 217.59452
1.00000 271.42895
1.00000 113.64728
1.00000 293.34088
1.00000 254.17701
1.00000 123.21100
1.00000 17.95838
1.00000 180.14919
1.00000 126.69372
1.00000 181.61843
1.00000 223.71578
1.00000 125.23036
1.00000 229.98115
1.00000 271.48570
1.00000 214.70479
1.00000 70.82603
1.00000 196.25638
1.00000 220.01570
1.00000 289.70091
1.00000 272.56335
1.00000 104.29708
1.00000 289.89574
1.00000 122.87615
1.00000 285.10822
1.00000 266.90014
1.00000 96.44779
1.00000 239.34972
1.00000 213.81913
1.00000 77.58758
1.00000 260.23352
1.00000 9.52360
1.00000 206.64237
1.00000 104.47866
1.00000 122.88208
1.00000 21.08543
1.00000 290.42260
1.00000 63.64134
1.00000 63.69324
1.00000 271.77759
1.00000 201.22231
1.00000 135.31392
1.00000 37.37636
1.00000 39.23086
1.00000 146.63347
1.00000 102.65840
1.00000 272.14253
1.00000 59.77406
1.00000 224.98370
1.00000 135.88836
1.00000 111.54686
1.00000 63.97907
1.00000 43.39421
1.00000 259.18016
1.00000 34.34037
1.00000 64.15166
1.00000 261.60877
1.00000 230.43082
1.00000 260.65510
1.00000 159.59518
1.00000 58.26789
1.00000 270.87450
1.00000 202.99981
1.00000 240.45905
1.00000 24.33742
1.00000 32.90577
1.00000 213.38572
1.00000 140.07316
1.00000 91.95187
1.00000 229.80109
1.00000 242.68256
1.00000 302.52246
1.00000 239.84068
1.00000 88.23943
1.00000 296.40614
1.00000 223.12499
1.00000 40.51260
1.00000 261.36618
1.00000 111.92616
1.00000 255.22731
1.00000 106.98508
1.00000 236.76512
1.00000 29.15383
1.00000 141.30045
1.00000 199.36910
1.00000 270.27771
1.00000 51.50245
1.00000 202.26911
1.00000 293.22112
1.00000 296.08399
1.00000 205.43828
1.00000 223.04347
1.00000 91.48324
1.00000 286.67555
1.00000 210.73707
1.00000 288.15648
1.00000 58.10480
1.00000 141.31648
1.00000 252.88340
1.00000 270.77413
1.00000 30.91377
1.00000 23.06171
1.00000 129.70498
1.00000 270.26477
1.00000 186.10796
1.00000 30.02176
1.00000 111.66616
1.00000 141.78592
1.00000 25.89508
1.00000 292.18118
1.00000 281.28846
1.00000 140.21089
1.00000 213.39364
1.00000 38.30669
1.00000 213.81412
1.00000 77.40856
1.00000 144.42351
1.00000 22.86213
1.00000 2.48263
1.00000 162.66666
1.00000 289.93353
1.00000 144.92507
1.00000 269.90231
1.00000 250.47172
1.00000 209.12153
1.00000 32.98033
1.00000 290.06366
1.00000 62.53930
1.00000 92.55433
1.00000 111.81753
1.00000 111.86047
1.00000 57.63387
1.00000 278.42305
1.00000 29.36470
1.00000 237.00867
1.00000 214.38956
1.00000 217.48067
1.00000 103.45146
1.00000 277.84968
1.00000 114.73031
1.00000 184.91868
1.00000 296.39117
1.00000 25.20568
1.00000 36.95715
1.00000 223.82185
1.00000 254.08950
1.00000 23.51684
1.00000 263.39324
1.00000 203.90986
1.00000 68.41896
1.00000 207.52699
1.00000 199.52071
1.00000 87.98676
1.00000 277.30121
1.00000 249.56613
1.00000 224.93877
1.00000 15.23077
1.00000 51.29908
1.00000 275.97805
1.00000 56.07534
1.00000 22.51585
1.00000 110.36848
1.00000 263.46731
1.00000 279.66053
1.00000 89.81512
1.00000 198.88205
1.00000 145.35468
1.00000 239.59795
1.00000 6.20412
1.00000 246.72792
1.00000 65.99419
1.00000 255.27318
1.00000 219.74210
1.00000 217.26583
1.00000 100.44006
1.00000 285.75490
1.00000 259.65607
1.00000 88.58394
1.00000 38.47272
1.00000 187.89164
1.00000 231.53898
1.00000 96.27119
1.00000 97.58105
1.00000 65.45869
1.00000 262.23975
1.00000 240.11036
1.00000 91.95361
1.00000 287.08827
1.00000 15.43803
1.00000 221.53956
1.00000 232.40617
1.00000 128.50812
47
24
1
9
42
17
27
36
1
17
2
1
36
1
19
41
12
1
35
21
31
11
19
17
12
38
9
50
8
13
21
3
24
23
11
39
1
2
1
1
12
8
56
7
53
17
19
38
22
36
14
46
16
1
5
9
24
28
26
6
1
32
1
25
25
1
51
53
1
10
18
20
30
33
30
55
39
1
30
1
14
8
45
19
21
24
44
1
1
25
14
17
1
13
16
29
28
34
11
11
