1000 1000
7.06555 9.32053
18.50583 19.02038
29.27470 9.72389
1.27188 3.96930
4.25934 1.11194
24.08739 24.77987
4.58136 4.10423
12.39075 25.24628
8.63704 27.97321
24.98225 7.13402
3.29012 22.07946
8.28480 10.39751
10.29639 1.08988
21.85045 10.37759
6.45434 26.96347
15.57857 5.45519
15.28634 11.00899
28.53756 20.21327
24.09326 29.77014
8.01838 8.25863
4.41677 11.33313
1.28354 5.50576
16.32128 26.31672
29.53722 8.54988
21.20367 19.42410
18.17055 25.03329
7.40390 5.45389
15.08805 28.86702
23.24194 1.28322
3.66880 2.62300
1.21658 27.89467
7.05054 14.00379
23.42645 29.25350
13.20857 17.98321
13.60805 6.43900
14.17273 23.95120
10.42496 13.36929
28.03656 29.79703
7.68545 12.45120
1.00160 10.04394
26.75326 21.54965
3.04191 13.23349
14.11116 29.13686
29.74310 12.10998
4.70297 19.02271
4.90974 28.98759
4.73220 11.15943
21.54789 15.44606
19.68989 8.28514
7.34373 17.51763
28.53172 8.68378
10.45741 9.70549
20.90272 18.03861
10.68652 29.13226
27.04757 4.44903
25.15535 1.03236
5.55944 10.92198
28.56914 18.45227
22.81190 25.05846
1.98805 26.67101
20.56580 20.52252
18.44969 18.26072
12.72824 2.88843
26.51584 2.27647
21.82545 14.42845
4.51073 8.00482
3.44435 28.58196
11.38641 22.76989
3.52170 27.99543
15.95226 11.61825
23.36599 9.07153
16.63748 10.44485
27.23478 2.08922
26.20353 1.37344
18.60268 5.18753
6.65212 22.49571
29.99576 3.32826
14.76622 19.08179
7.58754 8.74142
21.58131 23.31937
28.99707 18.06548
14.00598 24.35721
2.48394 4.01828
13.52782 9.23849
8.29717 5.57863
22.49590 7.90232
7.54845 22.79004
1.39357 19.06253
19.20379 18.13893
25.66175 9.62242
29.61121 14.44714
4.87049 23.59656
19.41664 9.68966
20.75233 10.91751
23.19284 8.18083
4.19717 29.09195
12.01018 15.40075
22.72592 26.47511
3.37967 23.19284
23.37076 3.10026
19.25192 13.60997
2.85093 25.59382
8.72582 9.64966
3.80032 29.56306
27.95478 4.55719
16.98129 4.82519
14.83143 17.98220
25.61080 24.47742
18.74070 20.48530
3.88750 11.21703
4.91012 12.03304
11.76754 20.59690
4.05580 28.97081
26.68809 27.04521
24.97790 16.63442
1.15049 29.13643
23.43760 26.63074
23.20914 25.42965
2.80179 24.52650
2.52241 7.55815
12.94952 15.45325
25.37242 6.94110
21.60401 17.03654
7.33398 20.82119
13.28733 17.01633
20.36172 3.44201
18.30776 28.02964
19.58631 1.87603
12.21798 16.37257
25.34587 16.14874
5.14927 28.34998
16.17015 18.64364
16.25158 15.45747
22.69849 15.42334
14.21177 18.40560
15.74332 29.05052
22.18386 6.59253
12.11806 25.80902
21.11862 4.08139
20.05357 19.91696
7.33368 14.19989
27.23997 19.88559
18.06570 17.62415
17.67902 14.25482
13.36795 12.52077
15.87917 19.84512
12.38982 5.46976
15.54240 4.47203
6.15996 18.98155
15.02748 14.28951
7.97809 2.32463
11.62791 26.12730
15.97453 17.44997
2.79903 3.90007
8.35514 6.82929
17.64866 6.18043
26.84774 23.88144
2.13744 13.47422
9.62850 2.64467
24.04068 21.47576
9.68199 12.61426
11.91057 15.23971
7.13448 23.18483
26.42280 2.08849
8.03648 22.20089
11.99197 3.79993
12.33477 29.16943
27.22875 23.60285
19.76932 12.18643
25.49195 6.63592
22.07868 14.25733
17.18388 11.47339
9.63741 12.63283
27.66641 16.73125
6.70429 9.32710
23.34956 21.89529
24.50229 13.53229
1.11739 8.81490
29.63374 27.85380
7.58543 14.19093
19.03248 8.48608
28.50485 14.80409
14.61805 7.26282
11.88516 19.59285
14.41489 19.74354
23.59248 26.08306
3.40618 24.21097
19.38399 27.87949
6.81496 15.90758
9.83287 26.60294
21.41500 28.03030
4.50666 20.74022
21.42975 14.43135
10.20383 18.34758
22.40857 13.96717
12.00132 16.72175
9.30715 27.14786
12.77749 17.50711
4.36985 23.24368
9.99196 25.11406
1.27134 25.42792
22.72021 18.62109
14.72251 14.91286
22.83950 12.73465
20.76576 12.76787
27.35327 22.33646
11.43634 6.09828
29.14189 23.78109
13.38135 9.74908
18.42707 14.60592
7.86691 14.00318
21.42386 28.71096
20.09951 27.98242
6.13112 6.79649
17.23345 17.37532
21.81772 8.24428
5.30586 8.50236
28.42344 14.39086
1.29478 25.10093
11.93766 15.84850
6.91809 24.09550
29.94273 23.73931
14.34637 1.71129
20.31415 23.84122
2.28956 15.85699
4.29109 8.89465
26.43679 3.71032
19.75648 15.42691
10.17815 8.14950
29.36699 2.33439
18.07553 26.99792
10.55673 29.04651
1.97512 29.09989
22.09024 20.23622
16.53825 14.12918
16.42362 25.51537
6.95947 13.32072
21.14711 1.51529
15.74114 5.83857
7.44732 12.20818
18.72849 11.66115
21.18245 12.96057
29.48984 20.05709
27.17535 14.04855
26.26197 20.36020
9.91189 19.44016
8.73372 23.36166
2.11433 19.39394
4.64551 29.21977
25.16615 23.49829
6.15190 3.85875
21.40134 6.26730
3.32177 15.99698
1.78500 22.21052
24.54518 22.92613
11.82543 13.18218
6.40728 24.41982
11.01991 6.42117
24.25324 3.04296
1.48221 7.69152
2.31180 10.43360
2.16049 18.13810
26.08797 15.76010
26.49701 14.48147
6.20521 5.95861
13.63566 8.69378
16.52857 13.69661
29.17292 9.87466
15.39989 10.48017
19.96837 11.81815
18.17033 13.52176
26.78933 20.78145
1.94886 15.85872
13.33809 26.67479
4.89841 6.92683
18.51824 15.37288
7.12774 2.30296
11.26735 17.00267
19.36903 9.91390
26.06416 22.77448
13.47682 25.63075
17.54227 8.93664
25.09749 3.00635
12.37031 6.72579
5.09665 3.82053
26.54913 29.31572
25.77934 17.08349
20.82361 12.04114
2.08938 29.55431
9.90259 4.47336
1.96344 29.49467
1.25200 1.72339
19.68818 10.85293
7.28784 17.39047
6.26281 5.82239
6.81056 27.84536
17.67679 8.44626
10.96016 16.34999
5.93289 20.90449
18.60430 21.72621
3.46693 7.76203
7.30762 2.26775
23.35890 3.64249
29.55840 20.38873
26.85507 20.72161
21.21710 27.01503
23.95682 24.87688
6.47467 10.03489
4.40725 24.58348
26.58254 27.71267
25.24554 16.71850
4.31216 24.61752
26.69742 26.03657
20.64063 2.82811
21.94333 1.95413
7.41856 7.73717
10.78448 19.79698
4.42320 23.75718
27.41882 26.47628
28.89339 23.04809
11.16122 14.62981
2.52273 18.29012
25.30708 2.82430
1.86655 7.55925
17.82440 23.36158
9.35173 12.12040
27.99434 16.82760
5.16232 9.73795
14.78339 23.72579
19.62477 23.15219
15.23374 14.61545
20.49591 1.94939
24.85860 1.81044
19.37462 28.52962
10.63353 21.67487
2.13300 8.82220
19.92291 17.02673
11.30153 25.60186
7.45708 11.71520
26.48722 15.27577
17.97753 22.65825
16.55196 20.72783
21.22095 14.43697
9.95575 15.70200
9.32645 2.24631
26.74038 5.54844
13.87248 12.36145
17.81074 14.22105
18.62129 13.34870
12.43066 10.81016
9.97938 23.15389
2.01469 16.62938
5.47729 13.78457
1.64761 24.03486
22.00028 12.27715
14.60822 25.39306
3.89879 2.14986
11.41420 21.55802
27.52892 20.35126
10.26818 23.63073
17.03182 5.78327
28.35113 23.82167
8.67717 12.53680
1.74693 2.66229
17.72304 10.15445
15.66816 20.08563
2.63613 15.14729
10.96455 23.87731
18.14395 2.65296
8.16431 2.06026
3.46503 3.73928
3.46720 14.12913
18.19249 25.48370
20.25211 9.50118
22.37257 22.04772
27.91079 15.60002
3.53409 12.20697
25.57098 20.75941
4.85163 11.85309
21.64772 18.13486
18.94544 14.77115
8.45977 12.07103
17.53113 17.00155
27.58496 27.71357
12.18703 2.98049
19.76908 20.51378
19.62820 8.36673
20.18661 19.13538
12.78831 28.65333
8.67396 17.69048
28.84744 3.10059
26.98511 19.52871
5.23023 10.73329
25.07429 29.03289
29.10586 17.62987
5.26340 5.63623
15.59939 28.65792
20.38956 16.83161
5.45713 22.18282
21.38560 11.35901
3.35978 10.33850
22.96568 15.23772
7.48781 16.65668
11.53349 8.15640
12.92980 11.41887
20.68214 28.19012
29.43188 8.07321
13.87952 11.64434
10.19885 23.57201
18.66615 3.85586
19.66666 11.56941
25.63210 25.61292
1.24683 29.09705
9.40350 16.63313
19.02867 26.02765
10.09708 28.76607
16.57365 13.98985
25.88042 25.57030
4.49905 29.44029
25.93201 21.75304
3.67554 27.40579
28.03522 23.87116
18.05104 27.04072
4.30068 19.30264
21.75127 15.09862
7.65381 26.52863
4.59148 25.84590
27.04649 27.84956
12.90427 13.41849
22.74997 10.84271
7.82262 2.70723
26.66360 27.02103
24.07050 15.61407
27.95382 7.81052
11.73150 6.69840
16.58109 8.96267
11.73566 5.46434
10.02615 16.23147
3.36585 15.88235
13.95536 4.59007
7.81395 29.35158
14.02341 28.18124
1.99313 24.07081
5.33545 21.28654
8.11306 6.83178
26.04081 11.08324
14.99620 29.34990
19.91066 25.38875
15.85941 17.83296
14.94591 20.97117
13.46487 24.44963
14.77166 13.64060
12.17188 27.58508
18.46464 21.71689
20.13038 16.46298
12.80073 26.45477
17.10547 6.84401
13.99614 28.19142
28.15757 28.28266
20.94009 2.23586
13.05264 28.16189
28.16849 11.82007
22.89807 1.93592
19.74166 7.23154
27.39210 1.81147
6.62666 6.96142
10.24860 29.26307
16.90247 8.90781
21.03525 22.98089
27.71457 14.05606
20.73579 3.47357
29.70318 19.67973
2.88739 20.87884
22.57893 25.35438
14.76537 6.34651
7.70103 16.62718
17.64692 28.40352
20.46235 26.62960
14.95988 3.66011
13.81844 25.72641
1.55971 29.40762
19.80641 4.66885
28.20906 24.97710
22.57003 12.28932
19.80935 1.84390
14.09609 24.65271
22.10319 22.52490
8.71198 5.21763
17.67725 13.23275
13.94985 3.74622
29.09818 11.53167
8.10836 11.33806
21.89834 17.87857
20.22878 5.14878
13.50634 16.40465
29.64499 26.73352
12.39603 27.82035
5.43372 29.31567
14.05651 9.36071
5.76526 26.91941
27.68788 11.62108
7.34471 16.97317
28.17934 28.79091
21.48349 9.11053
4.68552 22.65395
14.27722 15.86216
11.62197 29.55538
20.85917 23.43611
18.89127 22.44572
11.47208 3.19965
10.30892 7.41661
9.78346 19.69998
11.72828 17.95455
17.74498 23.54395
3.50944 7.87802
5.29979 25.83278
24.62296 29.63411
21.74102 16.16718
7.15932 7.45085
18.28588 16.57983
24.05464 1.93833
14.10310 20.32329
17.10617 27.79410
23.48737 24.12149
23.91883 1.14294
24.55289 14.91933
4.64852 6.94533
23.46582 27.10296
8.24409 10.08333
10.56813 26.78776
1.76915 19.14346
15.14731 2.60682
18.14313 28.20470
9.15343 21.70388
29.46755 8.09489
16.71285 16.72787
9.02991 6.07235
21.63682 17.52519
18.23698 16.83659
11.33675 19.31983
28.17090 20.11876
12.72488 26.96500
19.65915 8.15073
16.55721 4.96632
3.98303 3.67884
12.38048 12.36605
20.63631 19.53179
22.21911 2.32282
28.04730 23.13178
23.95458 24.80610
18.67656 6.82756
24.30995 1.84334
28.90983 24.60527
3.70436 23.42729
18.71860 1.07763
20.30465 1.85941
19.94106 5.95637
24.88884 8.98733
4.60437 7.47545
28.01364 20.54128
13.59051 16.01075
29.53687 26.22559
26.41226 7.73911
28.47791 8.38481
5.73464 21.20799
15.72833 4.24842
2.13686 22.78764
10.42841 17.91872
28.72776 1.27139
7.68193 4.42567
15.25615 25.76933
21.10143 21.44927
29.38098 19.37565
27.71072 7.98018
21.30129 11.46710
23.15415 3.67566
4.07132 14.73441
10.40008 5.34057
17.82310 18.34016
15.92367 1.43210
18.30300 23.72568
12.99899 20.63429
8.44757 17.96633
1.39549 14.93222
5.42952 14.91507
12.08791 28.10865
29.34801 15.60868
27.34761 8.14566
17.13645 5.63614
19.69729 10.65209
23.41801 22.65094
19.35879 26.82893
27.01466 17.37418
27.59740 5.92811
5.03486 21.34178
14.44007 26.36261
19.11042 2.03187
24.77295 21.73021
19.27686 14.24137
1.40208 27.43804
5.31605 4.82370
22.66530 20.57057
2.59811 27.42471
4.32825 1.95971
9.94029 7.75309
14.24908 15.14617
2.69545 9.38544
24.27927 18.79736
7.77754 23.11321
17.23818 18.16144
15.77092 3.50493
2.62346 28.57772
19.76805 25.40019
22.96665 1.62839
8.18525 20.57667
1.58409 14.96942
11.72443 5.24681
10.40774 20.72335
17.02077 7.60825
10.26317 4.09738
17.32071 27.28427
28.16564 13.97397
18.74195 17.84953
1.40450 16.47050
5.74320 26.42834
25.13492 2.76256
1.63723 11.86782
15.99652 19.74822
25.46666 11.95273
19.49781 23.06156
22.27911 5.25554
14.87929 20.63536
25.78379 22.57120
26.85583 21.32691
5.56116 2.09515
10.14622 7.82899
12.26126 5.65141
14.16252 12.51763
20.34918 16.14931
18.28358 16.68926
8.73685 6.78635
6.40363 22.37062
27.50574 20.48203
27.82973 21.74018
7.64900 20.87703
10.80222 20.56781
13.24600 4.75931
5.57133 29.78045
8.26805 20.64494
28.37947 18.63933
16.26596 16.95158
13.97796 21.18623
20.85202 20.40787
9.59102 26.69290
5.54295 20.83964
8.55823 26.26139
28.94848 26.47941
21.23012 15.68111
23.71495 2.76587
12.20961 23.02521
11.15601 3.77297
13.54558 27.91834
5.78380 4.62015
9.36581 13.56535
17.17652 3.82659
7.93383 9.73945
24.26831 1.00175
18.99547 28.95333
26.13438 13.13253
18.19062 11.28067
9.88509 29.67372
11.83001 23.37733
16.17757 12.03726
26.86222 23.64700
1.02079 1.42864
7.63686 4.88451
2.61572 14.08361
14.66499 20.08777
6.58882 27.62466
4.49874 4.79710
1.92961 2.76885
20.06172 28.41715
27.74072 19.49736
5.32027 4.55960
7.27996 4.92132
29.28730 23.68059
18.32178 19.82327
18.66067 17.79132
27.00085 8.86228
23.83609 15.25002
23.04142 17.32547
23.85677 5.71107
2.86862 8.66565
20.71650 14.22776
12.58546 9.75309
22.94295 8.29245
7.61585 25.72638
21.13742 23.56901
5.39018 19.19289
29.56593 22.85351
28.95347 9.79921
22.09694 17.95318
22.03417 3.83213
14.02673 29.37855
18.62708 10.42637
11.20424 22.41332
1.91566 27.12922
20.53612 29.18640
10.52298 24.27807
8.26802 25.72567
2.46705 11.59938
15.91941 1.02005
19.89254 10.77535
29.36645 10.61210
15.50076 2.46073
25.94077 18.92412
8.44045 23.44115
19.35522 27.50336
8.32829 3.10986
3.41026 9.05383
25.50075 15.79371
14.73463 24.22641
1.28095 26.86944
13.65943 6.14277
22.06058 20.66372
5.88871 27.14300
12.96196 25.46609
1.28081 4.95435
26.12245 27.89720
11.90383 8.02089
18.03388 24.47820
20.75873 4.01314
25.50749 14.23476
20.28397 22.86281
19.05440 8.81842
23.72915 12.44699
27.55376 3.75858
2.08685 23.42460
5.19604 5.87323
8.03340 15.79058
3.38949 5.39341
19.72265 1.22966
1.79462 10.56921
26.53380 27.62882
14.68079 21.63593
5.14282 16.47797
22.91640 11.97369
8.57393 2.34513
23.26555 25.18442
6.62768 29.79371
23.90331 14.54646
20.44247 5.29170
8.07694 28.95529
29.37787 17.68116
12.56657 10.23506
18.77884 27.16810
3.99260 9.98572
16.39494 3.47175
3.86536 16.74069
13.35243 3.72294
16.65458 26.17939
12.47077 7.75925
10.06281 5.52685
11.76517 8.92811
29.13217 1.73942
16.86193 25.76997
29.40801 11.42389
10.52079 12.72832
8.18091 24.98448
8.32444 21.86460
26.46761 15.77910
8.75061 20.69362
26.84811 1.03502
20.02859 12.58797
21.76494 2.63479
27.22832 19.72775
14.29692 16.21318
25.76426 15.43266
16.79477 19.02909
6.37799 26.98142
18.74712 11.70386
3.17196 11.53320
23.44276 28.15899
7.59529 2.97934
7.43165 22.17007
17.35786 28.75105
3.17272 17.04614
28.00122 20.45208
5.77144 15.87425
2.13237 13.62271
21.25816 2.35696
23.03632 23.98883
14.11957 6.81849
15.78415 25.78917
13.02245 6.04924
21.94033 1.88313
23.48137 27.86017
19.63469 11.47976
16.90705 16.06964
23.97105 28.60511
20.47548 6.18279
9.96828 12.69332
19.41670 29.86368
16.95979 16.43744
2.78346 10.90075
6.17265 3.02591
9.12329 27.17482
28.78622 24.88358
25.15810 29.54555
29.92564 11.52375
13.36287 14.72339
17.87366 13.01668
5.50872 3.03257
20.19995 16.99569
7.25033 17.81746
11.34734 8.03342
1.62897 4.98028
29.68193 22.74134
21.66654 16.19584
10.13564 27.18638
18.44714 22.84455
29.21444 26.29677
10.79738 9.79433
10.41580 16.07162
25.65566 28.41427
22.02482 5.77016
26.00698 23.63237
24.26425 22.56240
11.85537 2.32413
27.80447 15.68125
13.40719 24.85422
7.94077 19.29526
25.25455 13.04311
21.19243 26.83259
17.82571 21.77108
26.96987 7.05181
20.96542 29.32609
23.66322 17.52147
25.63025 21.17024
16.92788 19.65276
5.18119 12.49080
3.82730 25.70375
1.25900 3.61675
28.67762 5.31980
11.54097 5.62241
21.92147 15.00385
7.59551 25.56350
27.53919 10.76256
5.07017 26.23253
10.58741 2.92000
8.32172 19.82191
6.50285 16.10536
29.13379 8.43299
22.66283 3.68528
8.94717 27.69588
5.17105 19.83442
21.62797 23.27905
28.97020 17.07303
29.29679 8.91725
11.10234 3.55919
8.90703 14.85228
19.17358 8.72240
14.29396 15.06588
5.34465 17.64581
22.92015 10.94470
23.36738 16.99490
7.50954 1.71783
7.71007 15.21319
9.65979 14.36637
12.69126 2.99753
29.43087 3.96334
17.11382 1.26796
23.61269 22.78904
22.15399 17.76810
15.93943 22.90194
12.71952 4.38914
15.86109 15.80823
17.76433 26.49658
3.19143 25.03638
28.02663 14.92856
21.52960 21.56309
8.06508 29.93960
9.09598 24.12036
23.83872 18.58778
15.55126 29.43881
12.93050 5.05920
12.50964 14.14274
7.64736 26.56597
5.18429 15.89903
10.21903 16.25257
3.87913 29.12446
14.64877 21.24182
25.61693 5.90030
12.29926 15.65871
6.97584 9.90801
13.00023 13.03594
4.36685 4.08645
29.19039 25.18072
23.81894 29.21748
7.67886 2.66664
25.95050 3.13364
16.58382 22.99985
10.85544 7.32571
20.37878 14.24965
6.48281 27.06402
21.27384 29.77949
3.93984 9.31505
1.57964 13.80961
2.18059 14.91150
22.92709 12.48685
3.44116 13.17587
15.01885 23.87344
24.82983 12.68023
3.83898 8.56642
29.50873 27.85742
11.45840 6.21728
3.83974 23.61486
18.91208 16.73246
4.35998 8.08690
11.68623 23.08166
2.19788 1.13767
15.06331 23.64286
12.59035 12.06051
4.75295 17.78874
18.66599 28.41050
16.09384 20.68750
16.79313 1.94149
13.56973 24.97924
28.12375 23.39570
11.11469 1.71397
14.81783 15.15010
17.28574 12.59014
8.42804 18.16612
27.40187 22.73656
15.92412 19.67591
27.81992 19.62610
21.03591 3.88307
15.50062 29.89968
7.61964 15.19577
14.24394 24.91913
2.43424 12.17345
15.34817 17.29989
6.20289 13.56508
24.39341 14.36919
13.78253 7.01158
28.39651 26.89300
26.73068 26.52309
29.57543 8.55705
12.94278 20.58773
23.18243 28.37958
29.26638 14.50621
28.80952 19.93091
6.70274 1.25821
23.40620 23.38964
15.24483 3.09816
15.41052 5.99367
10.39839 10.17038
26.85415 11.38511
9.05543 26.95103
18.95630 12.09076
4.39711 11.33142
13.33972 27.27898
9.95107 28.75130
7.97422 7.39532
19.14031 11.47786
11.67900 28.75749
20.14115 6.99124
19.08334 12.14707
14.95791 14.31350
15.19691 10.83056
12.25690 17.11469
27.28612 4.97939
11.97145 3.90093
4.67510 12.54165
8.90642 2.22237
15.31412 5.41621
12.52847 22.42179
17.51893 21.40838
1.97937 3.40340
26.59856 15.16389
7.90326 17.84573
14.61541 14.22442
6.69485 1.78526
11.56425 25.60471
7.30606 22.72837
10.03309 26.76984
18.27192 11.28981
1.15413 2.74972
23.92340 15.93479
20.48919 8.73420
18.81870 22.21737
13.77931 20.86766
14.63383 21.76616
10.43399 28.63324
11.67497 10.06984
24.40366 19.56070
21.91299 23.51621
29.32725 18.64920
20.36373 17.58346
8.72223 24.41513
1
1
1
1
1
1
1
1
1
1
1
1
1
1
1
1
1
1
1
1
1
1
1
1
1
1
1
1
1
1
1
1
1
1
1
1
1
1
1
1
1
1
1
1
1
1
1
1
1
1
1
1
1
1
1
1
1
1
1
1
1
1
1
1
1
1
1
1
1
1
1
1
1
1
1
1
1
1
1
1
1
1
1
1
1
1
1
1
1
1
1
1
1
1
1
1
1
1
1
1
1
1
1
1
1
1
1
1
1
1
1
1
1
1
1
1
1
1
1
1
1
1
1
1
1
1
1
1
1
1
1
1
1
1
1
1
1
1
1
1
1
1
1
1
1
1
1
1
1
1
1
1
1
1
1
1
1
1
1
1
1
1
1
1
1
1
1
1
1
1
1
1
1
1
1
1
1
1
1
1
1
1
1
1
1
1
1
1
1
1
1
1
1
1
1
1
1
1
1
1
1
1
1
1
1
1
1
1
1
1
1
1
1
1
1
1
1
1
1
1
1
1
1
1
1
1
1
1
1
1
1
1
1
1
1
1
1
1
1
1
1
1
1
1
1
1
1
1
1
1
1
1
1
1
1
1
1
1
1
1
1
1
1
1
1
1
1
1
1
1
1
1
1
1
1
1
1
1
1
1
1
1
1
1
1
1
1
1
1
1
1
1
1
1
1
1
1
1
1
1
1
1
1
1
1
1
1
1
1
1
1
1
1
1
1
1
1
1
1
1
1
1
1
1
1
1
1
1
1
1
1
1
1
1
1
1
1
1
1
1
1
1
1
1
1
1
1
1
1
1
1
1
1
1
1
1
1
1
1
1
1
1
1
1
1
1
1
1
1
1
1
1
1
1
1
1
1
1
1
1
1
1
1
1
1
1
1
1
1
1
1
1
1
1
1
1
1
1
1
1
1
1
1
1
1
1
1
1
1
1
1
1
1
1
1
1
1
1
1
1
1
1
1
1
1
1
1
1
1
1
1
1
1
1
1
1
1
1
1
1
1
1
1
1
1
1
1
1
1
1
1
1
1
1
1
1
1
1
1
1
1
1
1
1
1
1
1
1
1
1
1
1
1
1
1
1
1
1
1
1
1
1
1
1
1
1
1
1
1
1
1
1
1
1
1
1
1
1
1
1
1
1
1
1
1
1
1
1
1
1
1
1
1
1
1
1
1
1
1
1
1
1
1
1
1
1
1
1
1
1
1
1
1
1
1
1
1
1
1
1
1
1
1
1
1
1
1
1
1
1
1
1
1
1
1
1
1
1
1
1
1
1
1
1
1
1
1
1
1
1
1
1
1
1
1
1
1
1
1
1
1
1
1
1
1
1
1
1
1
1
1
1
1
1
1
1
1
1
1
1
1
1
1
1
1
1
1
1
1
1
1
1
1
1
1
1
1
1
1
1
1
1
1
1
1
1
1
1
1
1
1
1
1
1
1
1
1
1
1
1
1
1
1
1
1
1
1
1
1
1
1
1
1
1
1
1
1
1
1
1
1
1
1
1
1
1
1
1
1
1
1
1
1
1
1
1
1
1
1
1
1
1
1
1
1
1
1
1
1
1
1
1
1
1
1
1
1
1
1
1
1
1
1
1
1
1
1
1
1
1
1
1
1
1
1
1
1
1
1
1
1
1
1
1
1
1
1
1
1
1
1
1
1
1
1
1
1
1
1
1
1
1
1
1
1
1
1
1
1
1
1
1
1
1
1
1
1
1
1
1
1
1
1
1
1
1
1
1
1
1
1
1
1
1
1
1
1
1
1
1
1
1
1
1
1
1
1
1
1
1
1
1
1
1
1
1
1
1
1
1
1
1
1
1
1
1
1
1
1
1
1
1
1
1
1
1
1
1
1
1
1
1
1
1
1
1
1
1
1
1
1
1
1
1
1
1
1
1
1
1
1
1
1
1
1
1
1
1
1
1
1
1
1
1
1
1
1
1
1
1
1
1
1
1
1
1
1
1
1
1
1
1
1
1
1
1
1
1
1
1
1
1
1
1
1
1
1
1
1
1
1
1
1
1
1
1
1
1
1
1
1
1
1
1
1
1
1
1
1
1
1
1
1
1
1
1
1
1
1
1
1
1
1
1
1
1
1
1
1
1
1
1
1
1
1
1
1
1
1
1
1
1
1
1
1
1
1
1
1
1
1
1
1
1
1
1
1
1
1
1
1
1
1
1
1
1
1
1
1
1
1
1
1
1
1
1
1
1
1
1
1
1
1
1
1
1
1
1
1
1
1
1
1
1
1
1
1
1
1
1
