50 5
37.05415 36.27139
23.27138 37.36054
169.88462 108.51869
202.94965 20.86570
55.41924 190.27738
173.18790 105.87108
29.02358 179.07956
16.37030 68.44006
192.25173 140.91981
164.34438 126.54292
15.73722 43.39798
173.97694 140.03516
195.72167 12.53596
34.53519 156.75625
169.61142 16.30669
191.54917 141.22313
134.18781 175.30905
204.40311 25.26083
174.13717 105.29958
50.58452 49.11010
141.38291 157.86034
49.91249 191.71430
200.00782 134.66826
165.75863 114.45537
202.08401 114.22561
176.54981 141.28399
190.86577 103.93794
27.75691 169.95243
114.04530 178.42787
49.30032 151.90744
112.83005 141.83137
41.53874 72.90422
204.39419 33.38328
192.48067 140.81398
190.53312 141.60707
38.02551 74.47860
171.08383 138.00482
182.25727 9.46483
31.94966 184.20787
43.41622 191.38361
193.36017 47.38332
56.89263 189.58606
164.01200 123.94095
102.61012 153.24428
164.86024 30.63997
189.92546 141.80718
32.50605 158.79737
107.84624 145.23274
164.09692 120.50159
187.94053 103.11034
10
19
7
8
6
